xi,theta,phi
0,1,0
0.000100,1.000000,-0.000175
0.001100,0.999999,-0.000644
0.002100,0.999998,-0.001007
0.003100,0.999997,-0.001352
0.004100,0.999996,-0.001690
0.005100,0.999994,-0.002027
0.006100,0.999992,-0.002362
0.007100,0.999989,-0.002696
0.008100,0.999986,-0.003030
0.009100,0.999983,-0.003364
0.010100,0.999979,-0.003698
0.011100,0.999976,-0.004031
0.012100,0.999971,-0.004365
0.013100,0.999967,-0.004699
0.014100,0.999962,-0.005032
0.015100,0.999957,-0.005365
0.016100,0.999951,-0.005699
0.017100,0.999945,-0.006032
0.018100,0.999939,-0.006365
0.019100,0.999933,-0.006699
0.020100,0.999926,-0.007032
0.021100,0.999919,-0.007365
0.022100,0.999911,-0.007699
0.023100,0.999903,-0.008032
0.024100,0.999895,-0.008365
0.025100,0.999886,-0.008698
0.026100,0.999878,-0.009031
0.027100,0.999868,-0.009365
0.028100,0.999859,-0.009698
0.029100,0.999849,-0.010031
0.030100,0.999839,-0.010364
0.031100,0.999828,-0.010697
0.032100,0.999817,-0.011030
0.033100,0.999806,-0.011363
0.034100,0.999795,-0.011696
0.035100,0.999783,-0.012029
0.036100,0.999771,-0.012362
0.037100,0.999758,-0.012695
0.038100,0.999745,-0.013028
0.039100,0.999732,-0.013361
0.040100,0.999719,-0.013694
0.041100,0.999705,-0.014027
0.042100,0.999690,-0.014360
0.043100,0.999676,-0.014693
0.044100,0.999661,-0.015026
0.045100,0.999646,-0.015358
0.046100,0.999630,-0.015691
0.047100,0.999615,-0.016024
0.048100,0.999598,-0.016357
0.049100,0.999582,-0.016689
0.050100,0.999565,-0.017022
0.051100,0.999548,-0.017355
0.052100,0.999530,-0.017687
0.053100,0.999512,-0.018020
0.054100,0.999494,-0.018353
0.055100,0.999476,-0.018685
0.056100,0.999457,-0.019018
0.057100,0.999438,-0.019350
0.058100,0.999418,-0.019683
0.059100,0.999398,-0.020015
0.060100,0.999378,-0.020348
0.061100,0.999358,-0.020680
0.062100,0.999337,-0.021012
0.063100,0.999316,-0.021345
0.064100,0.999294,-0.021677
0.065100,0.999272,-0.022009
0.066100,0.999250,-0.022341
0.067100,0.999228,-0.022674
0.068100,0.999205,-0.023006
0.069100,0.999182,-0.023338
0.070100,0.999158,-0.023670
0.071100,0.999134,-0.024002
0.072100,0.999110,-0.024334
0.073100,0.999085,-0.024666
0.074100,0.999061,-0.024998
0.075100,0.999035,-0.025330
0.076100,0.999010,-0.025662
0.077100,0.998984,-0.025994
0.078100,0.998958,-0.026325
0.079100,0.998932,-0.026657
0.080100,0.998905,-0.026989
0.081100,0.998878,-0.027321
0.082100,0.998850,-0.027652
0.083100,0.998822,-0.027984
0.084100,0.998794,-0.028315
0.085100,0.998766,-0.028647
0.086100,0.998737,-0.028978
0.087100,0.998708,-0.029310
0.088100,0.998678,-0.029641
0.089100,0.998648,-0.029972
0.090100,0.998618,-0.030304
0.091100,0.998588,-0.030635
0.092100,0.998557,-0.030966
0.093100,0.998526,-0.031297
0.094100,0.998494,-0.031628
0.095100,0.998463,-0.031959
0.096100,0.998430,-0.032290
0.097100,0.998398,-0.032621
0.098100,0.998365,-0.032952
0.099100,0.998332,-0.033283
0.100100,0.998299,-0.033614
0.101100,0.998265,-0.033945
0.102100,0.998231,-0.034275
0.103100,0.998196,-0.034606
0.104100,0.998162,-0.034937
0.105100,0.998126,-0.035267
0.106100,0.998091,-0.035598
0.107100,0.998055,-0.035928
0.108100,0.998019,-0.036259
0.109100,0.997983,-0.036589
0.110100,0.997946,-0.036919
0.111100,0.997909,-0.037250
0.112100,0.997871,-0.037580
0.113100,0.997834,-0.037910
0.114100,0.997796,-0.038240
0.115100,0.997757,-0.038570
0.116100,0.997719,-0.038900
0.117100,0.997679,-0.039230
0.118100,0.997640,-0.039560
0.119100,0.997600,-0.039889
0.120100,0.997560,-0.040219
0.121100,0.997520,-0.040549
0.122100,0.997479,-0.040878
0.123100,0.997438,-0.041208
0.124100,0.997397,-0.041537
0.125100,0.997355,-0.041867
0.126100,0.997313,-0.042196
0.127100,0.997271,-0.042525
0.128100,0.997228,-0.042855
0.129100,0.997185,-0.043184
0.130100,0.997142,-0.043513
0.131100,0.997098,-0.043842
0.132100,0.997054,-0.044171
0.133100,0.997010,-0.044500
0.134100,0.996965,-0.044829
0.135100,0.996920,-0.045157
0.136100,0.996875,-0.045486
0.137100,0.996829,-0.045815
0.138100,0.996783,-0.046143
0.139100,0.996737,-0.046472
0.140100,0.996690,-0.046800
0.141100,0.996643,-0.047128
0.142100,0.996596,-0.047457
0.143100,0.996548,-0.047785
0.144100,0.996500,-0.048113
0.145100,0.996452,-0.048441
0.146100,0.996403,-0.048769
0.147100,0.996354,-0.049097
0.148100,0.996305,-0.049425
0.149100,0.996256,-0.049753
0.150100,0.996206,-0.050080
0.151100,0.996155,-0.050408
0.152100,0.996105,-0.050736
0.153100,0.996054,-0.051063
0.154100,0.996003,-0.051390
0.155100,0.995951,-0.051718
0.156100,0.995899,-0.052045
0.157100,0.995847,-0.052372
0.158100,0.995795,-0.052699
0.159100,0.995742,-0.053026
0.160100,0.995688,-0.053353
0.161100,0.995635,-0.053680
0.162100,0.995581,-0.054007
0.163100,0.995527,-0.054334
0.164100,0.995472,-0.054660
0.165100,0.995418,-0.054987
0.166100,0.995362,-0.055313
0.167100,0.995307,-0.055639
0.168100,0.995251,-0.055966
0.169100,0.995195,-0.056292
0.170100,0.995139,-0.056618
0.171100,0.995082,-0.056944
0.172100,0.995025,-0.057270
0.173100,0.994967,-0.057596
0.174100,0.994910,-0.057922
0.175100,0.994851,-0.058247
0.176100,0.994793,-0.058573
0.177100,0.994734,-0.058899
0.178100,0.994675,-0.059224
0.179100,0.994616,-0.059549
0.180100,0.994556,-0.059875
0.181100,0.994496,-0.060200
0.182100,0.994436,-0.060525
0.183100,0.994375,-0.060850
0.184100,0.994314,-0.061175
0.185100,0.994253,-0.061500
0.186100,0.994191,-0.061824
0.187100,0.994129,-0.062149
0.188100,0.994067,-0.062473
0.189100,0.994004,-0.062798
0.190100,0.993941,-0.063122
0.191100,0.993878,-0.063446
0.192100,0.993814,-0.063771
0.193100,0.993750,-0.064095
0.194100,0.993686,-0.064419
0.195100,0.993621,-0.064743
0.196100,0.993557,-0.065066
0.197100,0.993491,-0.065390
0.198100,0.993426,-0.065714
0.199100,0.993360,-0.066037
0.200100,0.993294,-0.066360
0.201100,0.993227,-0.066684
0.202100,0.993160,-0.067007
0.203100,0.993093,-0.067330
0.204100,0.993026,-0.067653
0.205100,0.992958,-0.067976
0.206100,0.992890,-0.068299
0.207100,0.992821,-0.068621
0.208100,0.992752,-0.068944
0.209100,0.992683,-0.069267
0.210100,0.992614,-0.069589
0.211100,0.992544,-0.069911
0.212100,0.992474,-0.070233
0.213100,0.992404,-0.070555
0.214100,0.992333,-0.070877
0.215100,0.992262,-0.071199
0.216100,0.992191,-0.071521
0.217100,0.992119,-0.071843
0.218100,0.992047,-0.072164
0.219100,0.991975,-0.072486
0.220100,0.991902,-0.072807
0.221100,0.991829,-0.073128
0.222100,0.991756,-0.073449
0.223100,0.991682,-0.073770
0.224100,0.991608,-0.074091
0.225100,0.991534,-0.074412
0.226100,0.991459,-0.074733
0.227100,0.991384,-0.075053
0.228100,0.991309,-0.075374
0.229100,0.991234,-0.075694
0.230100,0.991158,-0.076015
0.231100,0.991082,-0.076335
0.232100,0.991005,-0.076655
0.233100,0.990928,-0.076975
0.234100,0.990851,-0.077294
0.235100,0.990774,-0.077614
0.236100,0.990696,-0.077934
0.237100,0.990618,-0.078253
0.238100,0.990539,-0.078572
0.239100,0.990461,-0.078892
0.240100,0.990382,-0.079211
0.241100,0.990302,-0.079530
0.242100,0.990223,-0.079849
0.243100,0.990143,-0.080167
0.244100,0.990062,-0.080486
0.245100,0.989982,-0.080805
0.246100,0.989901,-0.081123
0.247100,0.989819,-0.081441
0.248100,0.989738,-0.081759
0.249100,0.989656,-0.082077
0.250100,0.989574,-0.082395
0.251100,0.989491,-0.082713
0.252100,0.989408,-0.083031
0.253100,0.989325,-0.083348
0.254100,0.989242,-0.083666
0.255100,0.989158,-0.083983
0.256100,0.989074,-0.084300
0.257100,0.988989,-0.084617
0.258100,0.988904,-0.084934
0.259100,0.988819,-0.085251
0.260100,0.988734,-0.085568
0.261100,0.988648,-0.085884
0.262100,0.988562,-0.086201
0.263100,0.988476,-0.086517
0.264100,0.988389,-0.086833
0.265100,0.988302,-0.087149
0.266100,0.988215,-0.087465
0.267100,0.988127,-0.087781
0.268100,0.988039,-0.088097
0.269100,0.987951,-0.088412
0.270100,0.987862,-0.088728
0.271100,0.987773,-0.089043
0.272100,0.987684,-0.089358
0.273100,0.987595,-0.089673
0.274100,0.987505,-0.089988
0.275100,0.987415,-0.090303
0.276100,0.987324,-0.090618
0.277100,0.987234,-0.090932
0.278100,0.987142,-0.091246
0.279100,0.987051,-0.091561
0.280100,0.986959,-0.091875
0.281100,0.986867,-0.092189
0.282100,0.986775,-0.092503
0.283100,0.986682,-0.092816
0.284100,0.986589,-0.093130
0.285100,0.986496,-0.093443
0.286100,0.986402,-0.093757
0.287100,0.986309,-0.094070
0.288100,0.986214,-0.094383
0.289100,0.986120,-0.094696
0.290100,0.986025,-0.095008
0.291100,0.985930,-0.095321
0.292100,0.985834,-0.095633
0.293100,0.985738,-0.095946
0.294100,0.985642,-0.096258
0.295100,0.985546,-0.096570
0.296100,0.985449,-0.096882
0.297100,0.985352,-0.097194
0.298100,0.985255,-0.097505
0.299100,0.985157,-0.097817
0.300100,0.985059,-0.098128
0.301100,0.984961,-0.098439
0.302100,0.984862,-0.098750
0.303100,0.984763,-0.099061
0.304100,0.984664,-0.099372
0.305100,0.984565,-0.099683
0.306100,0.984465,-0.099993
0.307100,0.984365,-0.100303
0.308100,0.984264,-0.100614
0.309100,0.984163,-0.100924
0.310100,0.984062,-0.101234
0.311100,0.983961,-0.101543
0.312100,0.983859,-0.101853
0.313100,0.983757,-0.102162
0.314100,0.983655,-0.102472
0.315100,0.983552,-0.102781
0.316100,0.983449,-0.103090
0.317100,0.983346,-0.103399
0.318100,0.983243,-0.103707
0.319100,0.983139,-0.104016
0.320100,0.983035,-0.104324
0.321100,0.982930,-0.104633
0.322100,0.982825,-0.104941
0.323100,0.982720,-0.105249
0.324100,0.982615,-0.105557
0.325100,0.982509,-0.105864
0.326100,0.982403,-0.106172
0.327100,0.982297,-0.106479
0.328100,0.982190,-0.106786
0.329100,0.982083,-0.107093
0.330100,0.981976,-0.107400
0.331100,0.981868,-0.107707
0.332100,0.981761,-0.108013
0.333100,0.981652,-0.108320
0.334100,0.981544,-0.108626
0.335100,0.981435,-0.108932
0.336100,0.981326,-0.109238
0.337100,0.981217,-0.109544
0.338100,0.981107,-0.109849
0.339100,0.980997,-0.110155
0.340100,0.980887,-0.110460
0.341100,0.980776,-0.110765
0.342100,0.980665,-0.111070
0.343100,0.980554,-0.111375
0.344100,0.980442,-0.111680
0.345100,0.980331,-0.111984
0.346100,0.980218,-0.112289
0.347100,0.980106,-0.112593
0.348100,0.979993,-0.112897
0.349100,0.979880,-0.113201
0.350100,0.979767,-0.113505
0.351100,0.979653,-0.113808
0.352100,0.979539,-0.114111
0.353100,0.979425,-0.114415
0.354100,0.979310,-0.114718
0.355100,0.979195,-0.115021
0.356100,0.979080,-0.115323
0.357100,0.978965,-0.115626
0.358100,0.978849,-0.115928
0.359100,0.978733,-0.116230
0.360100,0.978617,-0.116532
0.361100,0.978500,-0.116834
0.362100,0.978383,-0.117136
0.363100,0.978266,-0.117438
0.364100,0.978148,-0.117739
0.365100,0.978030,-0.118040
0.366100,0.977912,-0.118341
0.367100,0.977793,-0.118642
0.368100,0.977675,-0.118943
0.369100,0.977556,-0.119243
0.370100,0.977436,-0.119544
0.371100,0.977317,-0.119844
0.372100,0.977197,-0.120144
0.373100,0.977076,-0.120444
0.374100,0.976956,-0.120743
0.375100,0.976835,-0.121043
0.376100,0.976714,-0.121342
0.377100,0.976592,-0.121641
0.378100,0.976470,-0.121940
0.379100,0.976348,-0.122239
0.380100,0.976226,-0.122538
0.381100,0.976103,-0.122836
0.382100,0.975980,-0.123135
0.383100,0.975857,-0.123433
0.384100,0.975733,-0.123731
0.385100,0.975609,-0.124028
0.386100,0.975485,-0.124326
0.387100,0.975361,-0.124623
0.388100,0.975236,-0.124921
0.389100,0.975111,-0.125218
0.390100,0.974986,-0.125514
0.391100,0.974860,-0.125811
0.392100,0.974734,-0.126108
0.393100,0.974608,-0.126404
0.394100,0.974481,-0.126700
0.395100,0.974354,-0.126996
0.396100,0.974227,-0.127292
0.397100,0.974100,-0.127588
0.398100,0.973972,-0.127883
0.399100,0.973844,-0.128178
0.400100,0.973716,-0.128473
0.401100,0.973587,-0.128768
0.402100,0.973458,-0.129063
0.403100,0.973329,-0.129357
0.404100,0.973199,-0.129652
0.405100,0.973070,-0.129946
0.406100,0.972939,-0.130240
0.407100,0.972809,-0.130534
0.408100,0.972678,-0.130827
0.409100,0.972547,-0.131121
0.410100,0.972416,-0.131414
0.411100,0.972285,-0.131707
0.412100,0.972153,-0.132000
0.413100,0.972021,-0.132292
0.414100,0.971888,-0.132585
0.415100,0.971755,-0.132877
0.416100,0.971622,-0.133169
0.417100,0.971489,-0.133461
0.418100,0.971355,-0.133753
0.419100,0.971222,-0.134044
0.420100,0.971087,-0.134336
0.421100,0.970953,-0.134627
0.422100,0.970818,-0.134918
0.423100,0.970683,-0.135209
0.424100,0.970548,-0.135499
0.425100,0.970412,-0.135790
0.426100,0.970276,-0.136080
0.427100,0.970140,-0.136370
0.428100,0.970003,-0.136660
0.429100,0.969867,-0.136949
0.430100,0.969729,-0.137239
0.431100,0.969592,-0.137528
0.432100,0.969454,-0.137817
0.433100,0.969316,-0.138106
0.434100,0.969178,-0.138395
0.435100,0.969040,-0.138683
0.436100,0.968901,-0.138971
0.437100,0.968762,-0.139259
0.438100,0.968622,-0.139547
0.439100,0.968483,-0.139835
0.440100,0.968343,-0.140123
0.441100,0.968202,-0.140410
0.442100,0.968062,-0.140697
0.443100,0.967921,-0.140984
0.444100,0.967780,-0.141271
0.445100,0.967638,-0.141557
0.446100,0.967497,-0.141843
0.447100,0.967355,-0.142129
0.448100,0.967212,-0.142415
0.449100,0.967070,-0.142701
0.450100,0.966927,-0.142987
0.451100,0.966784,-0.143272
0.452100,0.966641,-0.143557
0.453100,0.966497,-0.143842
0.454100,0.966353,-0.144127
0.455100,0.966209,-0.144411
0.456100,0.966064,-0.144695
0.457100,0.965919,-0.144980
0.458100,0.965774,-0.145263
0.459100,0.965629,-0.145547
0.460100,0.965483,-0.145831
0.461100,0.965337,-0.146114
0.462100,0.965191,-0.146397
0.463100,0.965044,-0.146680
0.464100,0.964897,-0.146963
0.465100,0.964750,-0.147245
0.466100,0.964603,-0.147527
0.467100,0.964455,-0.147809
0.468100,0.964307,-0.148091
0.469100,0.964159,-0.148373
0.470100,0.964011,-0.148654
0.471100,0.963862,-0.148936
0.472100,0.963713,-0.149217
0.473100,0.963563,-0.149497
0.474100,0.963414,-0.149778
0.475100,0.963264,-0.150059
0.476100,0.963114,-0.150339
0.477100,0.962963,-0.150619
0.478100,0.962812,-0.150898
0.479100,0.962661,-0.151178
0.480100,0.962510,-0.151457
0.481100,0.962358,-0.151737
0.482100,0.962206,-0.152016
0.483100,0.962054,-0.152294
0.484100,0.961902,-0.152573
0.485100,0.961749,-0.152851
0.486100,0.961596,-0.153129
0.487100,0.961443,-0.153407
0.488100,0.961289,-0.153685
0.489100,0.961136,-0.153962
0.490100,0.960981,-0.154240
0.491100,0.960827,-0.154517
0.492100,0.960672,-0.154793
0.493100,0.960517,-0.155070
0.494100,0.960362,-0.155346
0.495100,0.960207,-0.155623
0.496100,0.960051,-0.155899
0.497100,0.959895,-0.156174
0.498100,0.959739,-0.156450
0.499100,0.959582,-0.156725
0.500100,0.959425,-0.157000
0.501100,0.959268,-0.157275
0.502100,0.959111,-0.157550
0.503100,0.958953,-0.157824
0.504100,0.958795,-0.158099
0.505100,0.958637,-0.158373
0.506100,0.958478,-0.158646
0.507100,0.958319,-0.158920
0.508100,0.958160,-0.159193
0.509100,0.958001,-0.159467
0.510100,0.957842,-0.159740
0.511100,0.957682,-0.160012
0.512100,0.957521,-0.160285
0.513100,0.957361,-0.160557
0.514100,0.957200,-0.160829
0.515100,0.957039,-0.161101
0.516100,0.956878,-0.161373
0.517100,0.956717,-0.161644
0.518100,0.956555,-0.161915
0.519100,0.956393,-0.162186
0.520100,0.956231,-0.162457
0.521100,0.956068,-0.162727
0.522100,0.955905,-0.162998
0.523100,0.955742,-0.163268
0.524100,0.955579,-0.163538
0.525100,0.955415,-0.163807
0.526100,0.955251,-0.164077
0.527100,0.955087,-0.164346
0.528100,0.954922,-0.164615
0.529100,0.954757,-0.164883
0.530100,0.954592,-0.165152
0.531100,0.954427,-0.165420
0.532100,0.954262,-0.165688
0.533100,0.954096,-0.165956
0.534100,0.953930,-0.166224
0.535100,0.953763,-0.166491
0.536100,0.953597,-0.166758
0.537100,0.953430,-0.167025
0.538100,0.953263,-0.167292
0.539100,0.953095,-0.167558
0.540100,0.952928,-0.167825
0.541100,0.952760,-0.168091
0.542100,0.952591,-0.168356
0.543100,0.952423,-0.168622
0.544100,0.952254,-0.168887
0.545100,0.952085,-0.169152
0.546100,0.951916,-0.169417
0.547100,0.951746,-0.169682
0.548100,0.951576,-0.169946
0.549100,0.951406,-0.170211
0.550100,0.951236,-0.170475
0.551100,0.951065,-0.170738
0.552100,0.950895,-0.171002
0.553100,0.950723,-0.171265
0.554100,0.950552,-0.171528
0.555100,0.950380,-0.171791
0.556100,0.950208,-0.172053
0.557100,0.950036,-0.172316
0.558100,0.949864,-0.172578
0.559100,0.949691,-0.172840
0.560100,0.949518,-0.173101
0.561100,0.949345,-0.173363
0.562100,0.949171,-0.173624
0.563100,0.948998,-0.173885
0.564100,0.948824,-0.174146
0.565100,0.948649,-0.174406
0.566100,0.948475,-0.174666
0.567100,0.948300,-0.174926
0.568100,0.948125,-0.175186
0.569100,0.947950,-0.175446
0.570100,0.947774,-0.175705
0.571100,0.947598,-0.175964
0.572100,0.947422,-0.176223
0.573100,0.947246,-0.176481
0.574100,0.947069,-0.176740
0.575100,0.946892,-0.176998
0.576100,0.946715,-0.177256
0.577100,0.946538,-0.177513
0.578100,0.946360,-0.177771
0.579100,0.946182,-0.178028
0.580100,0.946004,-0.178285
0.581100,0.945826,-0.178542
0.582100,0.945647,-0.178798
0.583100,0.945468,-0.179054
0.584100,0.945289,-0.179310
0.585100,0.945109,-0.179566
0.586100,0.944930,-0.179822
0.587100,0.944750,-0.180077
0.588100,0.944570,-0.180332
0.589100,0.944389,-0.180587
0.590100,0.944208,-0.180841
0.591100,0.944027,-0.181095
0.592100,0.943846,-0.181350
0.593100,0.943665,-0.181603
0.594100,0.943483,-0.181857
0.595100,0.943301,-0.182110
0.596100,0.943119,-0.182363
0.597100,0.942936,-0.182616
0.598100,0.942754,-0.182869
0.599100,0.942571,-0.183121
0.600100,0.942387,-0.183373
0.601100,0.942204,-0.183625
0.602100,0.942020,-0.183877
0.603100,0.941836,-0.184128
0.604100,0.941652,-0.184379
0.605100,0.941467,-0.184630
0.606100,0.941283,-0.184881
0.607100,0.941098,-0.185131
0.608100,0.940912,-0.185382
0.609100,0.940727,-0.185632
0.610100,0.940541,-0.185881
0.611100,0.940355,-0.186131
0.612100,0.940169,-0.186380
0.613100,0.939982,-0.186629
0.614100,0.939796,-0.186878
0.615100,0.939609,-0.187126
0.616100,0.939421,-0.187374
0.617100,0.939234,-0.187622
0.618100,0.939046,-0.187870
0.619100,0.938858,-0.188117
0.620100,0.938670,-0.188365
0.621100,0.938481,-0.188612
0.622100,0.938293,-0.188858
0.623100,0.938104,-0.189105
0.624100,0.937914,-0.189351
0.625100,0.937725,-0.189597
0.626100,0.937535,-0.189843
0.627100,0.937345,-0.190088
0.628100,0.937155,-0.190333
0.629100,0.936965,-0.190578
0.630100,0.936774,-0.190823
0.631100,0.936583,-0.191068
0.632100,0.936392,-0.191312
0.633100,0.936200,-0.191556
0.634100,0.936009,-0.191800
0.635100,0.935817,-0.192043
0.636100,0.935625,-0.192286
0.637100,0.935432,-0.192529
0.638100,0.935239,-0.192772
0.639100,0.935047,-0.193015
0.640100,0.934853,-0.193257
0.641100,0.934660,-0.193499
0.642100,0.934466,-0.193741
0.643100,0.934273,-0.193982
0.644100,0.934078,-0.194223
0.645100,0.933884,-0.194464
0.646100,0.933690,-0.194705
0.647100,0.933495,-0.194945
0.648100,0.933300,-0.195186
0.649100,0.933104,-0.195426
0.650100,0.932909,-0.195665
0.651100,0.932713,-0.195905
0.652100,0.932517,-0.196144
0.653100,0.932321,-0.196383
0.654100,0.932124,-0.196622
0.655100,0.931927,-0.196860
0.656100,0.931731,-0.197098
0.657100,0.931533,-0.197336
0.658100,0.931336,-0.197574
0.659100,0.931138,-0.197811
0.660100,0.930940,-0.198049
0.661100,0.930742,-0.198285
0.662100,0.930544,-0.198522
0.663100,0.930345,-0.198759
0.664100,0.930146,-0.198995
0.665100,0.929947,-0.199231
0.666100,0.929748,-0.199466
0.667100,0.929548,-0.199702
0.668100,0.929348,-0.199937
0.669100,0.929148,-0.200172
0.670100,0.928948,-0.200406
0.671100,0.928747,-0.200640
0.672100,0.928547,-0.200875
0.673100,0.928346,-0.201108
0.674100,0.928144,-0.201342
0.675100,0.927943,-0.201575
0.676100,0.927741,-0.201808
0.677100,0.927539,-0.202041
0.678100,0.927337,-0.202274
0.679100,0.927135,-0.202506
0.680100,0.926932,-0.202738
0.681100,0.926729,-0.202970
0.682100,0.926526,-0.203201
0.683100,0.926323,-0.203433
0.684100,0.926119,-0.203663
0.685100,0.925916,-0.203894
0.686100,0.925712,-0.204125
0.687100,0.925507,-0.204355
0.688100,0.925303,-0.204585
0.689100,0.925098,-0.204815
0.690100,0.924893,-0.205044
0.691100,0.924688,-0.205273
0.692100,0.924483,-0.205502
0.693100,0.924277,-0.205731
0.694100,0.924071,-0.205959
0.695100,0.923865,-0.206187
0.696100,0.923659,-0.206415
0.697100,0.923452,-0.206643
0.698100,0.923246,-0.206870
0.699100,0.923039,-0.207097
0.700100,0.922831,-0.207324
0.701100,0.922624,-0.207550
0.702100,0.922416,-0.207777
0.703100,0.922208,-0.208003
0.704100,0.922000,-0.208228
0.705100,0.921792,-0.208454
0.706100,0.921583,-0.208679
0.707100,0.921375,-0.208904
0.708100,0.921166,-0.209129
0.709100,0.920956,-0.209353
0.710100,0.920747,-0.209577
0.711100,0.920537,-0.209801
0.712100,0.920327,-0.210025
0.713100,0.920117,-0.210248
0.714100,0.919907,-0.210471
0.715100,0.919696,-0.210694
0.716100,0.919485,-0.210917
0.717100,0.919274,-0.211139
0.718100,0.919063,-0.211361
0.719100,0.918852,-0.211583
0.720100,0.918640,-0.211805
0.721100,0.918428,-0.212026
0.722100,0.918216,-0.212247
0.723100,0.918004,-0.212468
0.724100,0.917791,-0.212688
0.725100,0.917578,-0.212908
0.726100,0.917365,-0.213128
0.727100,0.917152,-0.213348
0.728100,0.916938,-0.213567
0.729100,0.916725,-0.213786
0.730100,0.916511,-0.214005
0.731100,0.916297,-0.214224
0.732100,0.916082,-0.214442
0.733100,0.915868,-0.214660
0.734100,0.915653,-0.214878
0.735100,0.915438,-0.215095
0.736100,0.915223,-0.215313
0.737100,0.915007,-0.215530
0.738100,0.914792,-0.215746
0.739100,0.914576,-0.215963
0.740100,0.914360,-0.216179
0.741100,0.914144,-0.216395
0.742100,0.913927,-0.216611
0.743100,0.913710,-0.216826
0.744100,0.913493,-0.217041
0.745100,0.913276,-0.217256
0.746100,0.913059,-0.217471
0.747100,0.912841,-0.217685
0.748100,0.912624,-0.217899
0.749100,0.912406,-0.218113
0.750100,0.912187,-0.218326
0.751100,0.911969,-0.218539
0.752100,0.911750,-0.218752
0.753100,0.911531,-0.218965
0.754100,0.911312,-0.219177
0.755100,0.911093,-0.219390
0.756100,0.910874,-0.219602
0.757100,0.910654,-0.219813
0.758100,0.910434,-0.220024
0.759100,0.910214,-0.220236
0.760100,0.909993,-0.220446
0.761100,0.909773,-0.220657
0.762100,0.909552,-0.220867
0.763100,0.909331,-0.221077
0.764100,0.909110,-0.221287
0.765100,0.908889,-0.221496
0.766100,0.908667,-0.221705
0.767100,0.908445,-0.221914
0.768100,0.908223,-0.222123
0.769100,0.908001,-0.222331
0.770100,0.907779,-0.222539
0.771100,0.907556,-0.222747
0.772100,0.907333,-0.222955
0.773100,0.907110,-0.223162
0.774100,0.906887,-0.223369
0.775100,0.906663,-0.223576
0.776100,0.906440,-0.223782
0.777100,0.906216,-0.223988
0.778100,0.905992,-0.224194
0.779100,0.905767,-0.224400
0.780100,0.905543,-0.224605
0.781100,0.905318,-0.224810
0.782100,0.905093,-0.225015
0.783100,0.904868,-0.225220
0.784100,0.904643,-0.225424
0.785100,0.904417,-0.225628
0.786100,0.904191,-0.225832
0.787100,0.903966,-0.226035
0.788100,0.903739,-0.226238
0.789100,0.903513,-0.226441
0.790100,0.903287,-0.226644
0.791100,0.903060,-0.226846
0.792100,0.902833,-0.227048
0.793100,0.902606,-0.227250
0.794100,0.902378,-0.227451
0.795100,0.902151,-0.227653
0.796100,0.901923,-0.227854
0.797100,0.901695,-0.228054
0.798100,0.901467,-0.228255
0.799100,0.901239,-0.228455
0.800100,0.901010,-0.228655
0.801100,0.900781,-0.228854
0.802100,0.900552,-0.229054
0.803100,0.900323,-0.229253
0.804100,0.900094,-0.229452
0.805100,0.899864,-0.229650
0.806100,0.899634,-0.229848
0.807100,0.899405,-0.230046
0.808100,0.899174,-0.230244
0.809100,0.898944,-0.230441
0.810100,0.898714,-0.230638
0.811100,0.898483,-0.230835
0.812100,0.898252,-0.231032
0.813100,0.898021,-0.231228
0.814100,0.897789,-0.231424
0.815100,0.897558,-0.231620
0.816100,0.897326,-0.231815
0.817100,0.897094,-0.232011
0.818100,0.896862,-0.232206
0.819100,0.896630,-0.232400
0.820100,0.896397,-0.232594
0.821100,0.896165,-0.232789
0.822100,0.895932,-0.232982
0.823100,0.895699,-0.233176
0.824100,0.895465,-0.233369
0.825100,0.895232,-0.233562
0.826100,0.894998,-0.233755
0.827100,0.894764,-0.233947
0.828100,0.894530,-0.234139
0.829100,0.894296,-0.234331
0.830100,0.894062,-0.234523
0.831100,0.893827,-0.234714
0.832100,0.893592,-0.234905
0.833100,0.893357,-0.235096
0.834100,0.893122,-0.235286
0.835100,0.892887,-0.235477
0.836100,0.892651,-0.235667
0.837100,0.892415,-0.235856
0.838100,0.892179,-0.236046
0.839100,0.891943,-0.236235
0.840100,0.891707,-0.236424
0.841100,0.891470,-0.236612
0.842100,0.891234,-0.236800
0.843100,0.890997,-0.236988
0.844100,0.890760,-0.237176
0.845100,0.890522,-0.237363
0.846100,0.890285,-0.237551
0.847100,0.890047,-0.237737
0.848100,0.889810,-0.237924
0.849100,0.889572,-0.238110
0.850100,0.889333,-0.238296
0.851100,0.889095,-0.238482
0.852100,0.888856,-0.238668
0.853100,0.888618,-0.238853
0.854100,0.888379,-0.239038
0.855100,0.888140,-0.239222
0.856100,0.887900,-0.239407
0.857100,0.887661,-0.239591
0.858100,0.887421,-0.239775
0.859100,0.887181,-0.239958
0.860100,0.886941,-0.240141
0.861100,0.886701,-0.240324
0.862100,0.886460,-0.240507
0.863100,0.886220,-0.240689
0.864100,0.885979,-0.240872
0.865100,0.885738,-0.241053
0.866100,0.885497,-0.241235
0.867100,0.885256,-0.241416
0.868100,0.885014,-0.241597
0.869100,0.884772,-0.241778
0.870100,0.884531,-0.241959
0.871100,0.884289,-0.242139
0.872100,0.884046,-0.242319
0.873100,0.883804,-0.242498
0.874100,0.883561,-0.242678
0.875100,0.883319,-0.242857
0.876100,0.883076,-0.243035
0.877100,0.882832,-0.243214
0.878100,0.882589,-0.243392
0.879100,0.882346,-0.243570
0.880100,0.882102,-0.243748
0.881100,0.881858,-0.243925
0.882100,0.881614,-0.244102
0.883100,0.881370,-0.244279
0.884100,0.881126,-0.244456
0.885100,0.880881,-0.244632
0.886100,0.880636,-0.244808
0.887100,0.880391,-0.244983
0.888100,0.880146,-0.245159
0.889100,0.879901,-0.245334
0.890100,0.879656,-0.245509
0.891100,0.879410,-0.245683
0.892100,0.879164,-0.245858
0.893100,0.878918,-0.246032
0.894100,0.878672,-0.246205
0.895100,0.878426,-0.246379
0.896100,0.878180,-0.246552
0.897100,0.877933,-0.246725
0.898100,0.877686,-0.246898
0.899100,0.877439,-0.247070
0.900100,0.877192,-0.247242
0.901100,0.876945,-0.247414
0.902100,0.876697,-0.247585
0.903100,0.876449,-0.247756
0.904100,0.876202,-0.247927
0.905100,0.875954,-0.248098
0.906100,0.875705,-0.248268
0.907100,0.875457,-0.248439
0.908100,0.875209,-0.248608
0.909100,0.874960,-0.248778
0.910100,0.874711,-0.248947
0.911100,0.874462,-0.249116
0.912100,0.874213,-0.249285
0.913100,0.873963,-0.249453
0.914100,0.873714,-0.249621
0.915100,0.873464,-0.249789
0.916100,0.873214,-0.249957
0.917100,0.872964,-0.250124
0.918100,0.872714,-0.250291
0.919100,0.872464,-0.250458
0.920100,0.872213,-0.250624
0.921100,0.871962,-0.250790
0.922100,0.871712,-0.250956
0.923100,0.871460,-0.251122
0.924100,0.871209,-0.251287
0.925100,0.870958,-0.251452
0.926100,0.870706,-0.251617
0.927100,0.870455,-0.251781
0.928100,0.870203,-0.251946
0.929100,0.869951,-0.252110
0.930100,0.869699,-0.252273
0.931100,0.869446,-0.252437
0.932100,0.869194,-0.252600
0.933100,0.868941,-0.252762
0.934100,0.868688,-0.252925
0.935100,0.868435,-0.253087
0.936100,0.868182,-0.253249
0.937100,0.867929,-0.253411
0.938100,0.867675,-0.253572
0.939100,0.867422,-0.253733
0.940100,0.867168,-0.253894
0.941100,0.866914,-0.254055
0.942100,0.866660,-0.254215
0.943100,0.866405,-0.254375
0.944100,0.866151,-0.254535
0.945100,0.865896,-0.254694
0.946100,0.865641,-0.254853
0.947100,0.865387,-0.255012
0.948100,0.865131,-0.255171
0.949100,0.864876,-0.255329
0.950100,0.864621,-0.255487
0.951100,0.864365,-0.255645
0.952100,0.864110,-0.255802
0.953100,0.863854,-0.255959
0.954100,0.863598,-0.256116
0.955100,0.863341,-0.256273
0.956100,0.863085,-0.256429
0.957100,0.862829,-0.256585
0.958100,0.862572,-0.256741
0.959100,0.862315,-0.256897
0.960100,0.862058,-0.257052
0.961100,0.861801,-0.257207
0.962100,0.861544,-0.257361
0.963100,0.861286,-0.257516
0.964100,0.861029,-0.257670
0.965100,0.860771,-0.257824
0.966100,0.860513,-0.257977
0.967100,0.860255,-0.258130
0.968100,0.859997,-0.258283
0.969100,0.859738,-0.258436
0.970100,0.859480,-0.258588
0.971100,0.859221,-0.258741
0.972100,0.858962,-0.258892
0.973100,0.858703,-0.259044
0.974100,0.858444,-0.259195
0.975100,0.858185,-0.259346
0.976100,0.857926,-0.259497
0.977100,0.857666,-0.259648
0.978100,0.857406,-0.259798
0.979100,0.857146,-0.259948
0.980100,0.856886,-0.260097
0.981100,0.856626,-0.260247
0.982100,0.856366,-0.260396
0.983100,0.856105,-0.260544
0.984100,0.855845,-0.260693
0.985100,0.855584,-0.260841
0.986100,0.855323,-0.260989
0.987100,0.855062,-0.261137
0.988100,0.854801,-0.261284
0.989100,0.854540,-0.261431
0.990100,0.854278,-0.261578
0.991100,0.854016,-0.261724
0.992100,0.853755,-0.261871
0.993100,0.853493,-0.262017
0.994100,0.853231,-0.262162
0.995100,0.852968,-0.262308
0.996100,0.852706,-0.262453
0.997100,0.852443,-0.262598
0.998100,0.852181,-0.262742
0.999100,0.851918,-0.262887
1.000100,0.851655,-0.263031
1.001100,0.851392,-0.263174
1.002100,0.851129,-0.263318
1.003100,0.850865,-0.263461
1.004100,0.850602,-0.263604
1.005100,0.850338,-0.263747
1.006100,0.850074,-0.263889
1.007100,0.849810,-0.264031
1.008100,0.849546,-0.264173
1.009100,0.849282,-0.264314
1.010100,0.849018,-0.264455
1.011100,0.848753,-0.264596
1.012100,0.848488,-0.264737
1.013100,0.848224,-0.264877
1.014100,0.847959,-0.265018
1.015100,0.847693,-0.265157
1.016100,0.847428,-0.265297
1.017100,0.847163,-0.265436
1.018100,0.846897,-0.265575
1.019100,0.846632,-0.265714
1.020100,0.846366,-0.265852
1.021100,0.846100,-0.265990
1.022100,0.845834,-0.266128
1.023100,0.845568,-0.266266
1.024100,0.845301,-0.266403
1.025100,0.845035,-0.266540
1.026100,0.844768,-0.266677
1.027100,0.844502,-0.266814
1.028100,0.844235,-0.266950
1.029100,0.843968,-0.267086
1.030100,0.843701,-0.267221
1.031100,0.843433,-0.267357
1.032100,0.843166,-0.267492
1.033100,0.842898,-0.267627
1.034100,0.842631,-0.267761
1.035100,0.842363,-0.267896
1.036100,0.842095,-0.268030
1.037100,0.841827,-0.268163
1.038100,0.841558,-0.268297
1.039100,0.841290,-0.268430
1.040100,0.841022,-0.268563
1.041100,0.840753,-0.268695
1.042100,0.840484,-0.268828
1.043100,0.840215,-0.268960
1.044100,0.839946,-0.269091
1.045100,0.839677,-0.269223
1.046100,0.839408,-0.269354
1.047100,0.839138,-0.269485
1.048100,0.838869,-0.269616
1.049100,0.838599,-0.269746
1.050100,0.838329,-0.269876
1.051100,0.838059,-0.270006
1.052100,0.837789,-0.270136
1.053100,0.837519,-0.270265
1.054100,0.837249,-0.270394
1.055100,0.836978,-0.270523
1.056100,0.836708,-0.270651
1.057100,0.836437,-0.270779
1.058100,0.836166,-0.270907
1.059100,0.835895,-0.271035
1.060100,0.835624,-0.271162
1.061100,0.835353,-0.271289
1.062100,0.835082,-0.271416
1.063100,0.834810,-0.271542
1.064100,0.834539,-0.271669
1.065100,0.834267,-0.271795
1.066100,0.833995,-0.271920
1.067100,0.833723,-0.272046
1.068100,0.833451,-0.272171
1.069100,0.833179,-0.272296
1.070100,0.832906,-0.272420
1.071100,0.832634,-0.272545
1.072100,0.832361,-0.272669
1.073100,0.832088,-0.272793
1.074100,0.831816,-0.272916
1.075100,0.831543,-0.273039
1.076100,0.831269,-0.273162
1.077100,0.830996,-0.273285
1.078100,0.830723,-0.273407
1.079100,0.830449,-0.273529
1.080100,0.830176,-0.273651
1.081100,0.829902,-0.273773
1.082100,0.829628,-0.273894
1.083100,0.829354,-0.274015
1.084100,0.829080,-0.274136
1.085100,0.828806,-0.274256
1.086100,0.828532,-0.274376
1.087100,0.828257,-0.274496
1.088100,0.827983,-0.274616
1.089100,0.827708,-0.274735
1.090100,0.827433,-0.274855
1.091100,0.827158,-0.274973
1.092100,0.826883,-0.275092
1.093100,0.826608,-0.275210
1.094100,0.826333,-0.275328
1.095100,0.826058,-0.275446
1.096100,0.825782,-0.275563
1.097100,0.825506,-0.275681
1.098100,0.825231,-0.275797
1.099100,0.824955,-0.275914
1.100100,0.824679,-0.276031
1.101100,0.824403,-0.276147
1.102100,0.824127,-0.276262
1.103100,0.823850,-0.276378
1.104100,0.823574,-0.276493
1.105100,0.823297,-0.276608
1.106100,0.823021,-0.276723
1.107100,0.822744,-0.276837
1.108100,0.822467,-0.276952
1.109100,0.822190,-0.277066
1.110100,0.821913,-0.277179
1.111100,0.821636,-0.277293
1.112100,0.821358,-0.277406
1.113100,0.821081,-0.277519
1.114100,0.820803,-0.277631
1.115100,0.820525,-0.277743
1.116100,0.820248,-0.277855
1.117100,0.819970,-0.277967
1.118100,0.819692,-0.278079
1.119100,0.819414,-0.278190
1.120100,0.819135,-0.278301
1.121100,0.818857,-0.278411
1.122100,0.818579,-0.278522
1.123100,0.818300,-0.278632
1.124100,0.818021,-0.278742
1.125100,0.817742,-0.278851
1.126100,0.817464,-0.278961
1.127100,0.817185,-0.279070
1.128100,0.816905,-0.279179
1.129100,0.816626,-0.279287
1.130100,0.816347,-0.279395
1.131100,0.816067,-0.279503
1.132100,0.815788,-0.279611
1.133100,0.815508,-0.279718
1.134100,0.815228,-0.279826
1.135100,0.814949,-0.279932
1.136100,0.814669,-0.280039
1.137100,0.814388,-0.280145
1.138100,0.814108,-0.280252
1.139100,0.813828,-0.280357
1.140100,0.813548,-0.280463
1.141100,0.813267,-0.280568
1.142100,0.812986,-0.280673
1.143100,0.812706,-0.280778
1.144100,0.812425,-0.280882
1.145100,0.812144,-0.280987
1.146100,0.811863,-0.281091
1.147100,0.811582,-0.281194
1.148100,0.811300,-0.281298
1.149100,0.811019,-0.281401
1.150100,0.810738,-0.281504
1.151100,0.810456,-0.281606
1.152100,0.810174,-0.281709
1.153100,0.809893,-0.281811
1.154100,0.809611,-0.281912
1.155100,0.809329,-0.282014
1.156100,0.809047,-0.282115
1.157100,0.808765,-0.282216
1.158100,0.808482,-0.282317
1.159100,0.808200,-0.282417
1.160100,0.807918,-0.282518
1.161100,0.807635,-0.282617
1.162100,0.807352,-0.282717
1.163100,0.807070,-0.282817
1.164100,0.806787,-0.282916
1.165100,0.806504,-0.283015
1.166100,0.806221,-0.283113
1.167100,0.805938,-0.283211
1.168100,0.805654,-0.283310
1.169100,0.805371,-0.283407
1.170100,0.805087,-0.283505
1.171100,0.804804,-0.283602
1.172100,0.804520,-0.283699
1.173100,0.804236,-0.283796
1.174100,0.803953,-0.283892
1.175100,0.803669,-0.283989
1.176100,0.803385,-0.284085
1.177100,0.803101,-0.284180
1.178100,0.802816,-0.284276
1.179100,0.802532,-0.284371
1.180100,0.802248,-0.284466
1.181100,0.801963,-0.284560
1.182100,0.801678,-0.284655
1.183100,0.801394,-0.284749
1.184100,0.801109,-0.284843
1.185100,0.800824,-0.284936
1.186100,0.800539,-0.285030
1.187100,0.800254,-0.285123
1.188100,0.799969,-0.285215
1.189100,0.799684,-0.285308
1.190100,0.799398,-0.285400
1.191100,0.799113,-0.285492
1.192100,0.798827,-0.285584
1.193100,0.798542,-0.285675
1.194100,0.798256,-0.285767
1.195100,0.797970,-0.285858
1.196100,0.797684,-0.285948
1.197100,0.797398,-0.286039
1.198100,0.797112,-0.286129
1.199100,0.796826,-0.286219
1.200100,0.796540,-0.286309
1.201100,0.796253,-0.286398
1.202100,0.795967,-0.286487
1.203100,0.795680,-0.286576
1.204100,0.795394,-0.286665
1.205100,0.795107,-0.286753
1.206100,0.794820,-0.286841
1.207100,0.794533,-0.286929
1.208100,0.794246,-0.287016
1.209100,0.793959,-0.287104
1.210100,0.793672,-0.287191
1.211100,0.793385,-0.287277
1.212100,0.793098,-0.287364
1.213100,0.792810,-0.287450
1.214100,0.792523,-0.287536
1.215100,0.792235,-0.287622
1.216100,0.791947,-0.287708
1.217100,0.791660,-0.287793
1.218100,0.791372,-0.287878
1.219100,0.791084,-0.287962
1.220100,0.790796,-0.288047
1.221100,0.790508,-0.288131
1.222100,0.790220,-0.288215
1.223100,0.789931,-0.288299
1.224100,0.789643,-0.288382
1.225100,0.789355,-0.288465
1.226100,0.789066,-0.288548
1.227100,0.788778,-0.288631
1.228100,0.788489,-0.288713
1.229100,0.788200,-0.288795
1.230100,0.787911,-0.288877
1.231100,0.787622,-0.288959
1.232100,0.787333,-0.289040
1.233100,0.787044,-0.289121
1.234100,0.786755,-0.289202
1.235100,0.786466,-0.289283
1.236100,0.786177,-0.289363
1.237100,0.785887,-0.289443
1.238100,0.785598,-0.289523
1.239100,0.785308,-0.289603
1.240100,0.785018,-0.289682
1.241100,0.784729,-0.289761
1.242100,0.784439,-0.289840
1.243100,0.784149,-0.289918
1.244100,0.783859,-0.289997
1.245100,0.783569,-0.290075
1.246100,0.783279,-0.290153
1.247100,0.782989,-0.290230
1.248100,0.782698,-0.290307
1.249100,0.782408,-0.290384
1.250100,0.782118,-0.290461
1.251100,0.781827,-0.290538
1.252100,0.781537,-0.290614
1.253100,0.781246,-0.290690
1.254100,0.780955,-0.290766
1.255100,0.780664,-0.290841
1.256100,0.780374,-0.290917
1.257100,0.780083,-0.290992
1.258100,0.779792,-0.291066
1.259100,0.779500,-0.291141
1.260100,0.779209,-0.291215
1.261100,0.778918,-0.291289
1.262100,0.778627,-0.291363
1.263100,0.778335,-0.291436
1.264100,0.778044,-0.291510
1.265100,0.777752,-0.291583
1.266100,0.777461,-0.291655
1.267100,0.777169,-0.291728
1.268100,0.776877,-0.291800
1.269100,0.776585,-0.291872
1.270100,0.776293,-0.291944
1.271100,0.776002,-0.292015
1.272100,0.775709,-0.292086
1.273100,0.775417,-0.292157
1.274100,0.775125,-0.292228
1.275100,0.774833,-0.292299
1.276100,0.774541,-0.292369
1.277100,0.774248,-0.292439
1.278100,0.773956,-0.292509
1.279100,0.773663,-0.292578
1.280100,0.773371,-0.292647
1.281100,0.773078,-0.292716
1.282100,0.772785,-0.292785
1.283100,0.772492,-0.292853
1.284100,0.772199,-0.292922
1.285100,0.771906,-0.292990
1.286100,0.771613,-0.293057
1.287100,0.771320,-0.293125
1.288100,0.771027,-0.293192
1.289100,0.770734,-0.293259
1.290100,0.770441,-0.293326
1.291100,0.770147,-0.293392
1.292100,0.769854,-0.293459
1.293100,0.769560,-0.293525
1.294100,0.769267,-0.293591
1.295100,0.768973,-0.293656
1.296100,0.768679,-0.293721
1.297100,0.768386,-0.293786
1.298100,0.768092,-0.293851
1.299100,0.767798,-0.293916
1.300100,0.767504,-0.293980
1.301100,0.767210,-0.294044
1.302100,0.766916,-0.294108
1.303100,0.766622,-0.294171
1.304100,0.766328,-0.294235
1.305100,0.766033,-0.294298
1.306100,0.765739,-0.294361
1.307100,0.765445,-0.294423
1.308100,0.765150,-0.294485
1.309100,0.764856,-0.294548
1.310100,0.764561,-0.294609
1.311100,0.764266,-0.294671
1.312100,0.763972,-0.294732
1.313100,0.763677,-0.294793
1.314100,0.763382,-0.294854
1.315100,0.763087,-0.294915
1.316100,0.762792,-0.294975
1.317100,0.762497,-0.295035
1.318100,0.762202,-0.295095
1.319100,0.761907,-0.295155
1.320100,0.761612,-0.295214
1.321100,0.761317,-0.295274
1.322100,0.761021,-0.295333
1.323100,0.760726,-0.295391
1.324100,0.760431,-0.295450
1.325100,0.760135,-0.295508
1.326100,0.759840,-0.295566
1.327100,0.759544,-0.295624
1.328100,0.759248,-0.295681
1.329100,0.758953,-0.295738
1.330100,0.758657,-0.295795
1.331100,0.758361,-0.295852
1.332100,0.758065,-0.295909
1.333100,0.757769,-0.295965
1.334100,0.757473,-0.296021
1.335100,0.757177,-0.296077
1.336100,0.756881,-0.296132
1.337100,0.756585,-0.296188
1.338100,0.756289,-0.296243
1.339100,0.755992,-0.296298
1.340100,0.755696,-0.296352
1.341100,0.755400,-0.296406
1.342100,0.755103,-0.296461
1.343100,0.754807,-0.296515
1.344100,0.754510,-0.296568
1.345100,0.754214,-0.296622
1.346100,0.753917,-0.296675
1.347100,0.753620,-0.296728
1.348100,0.753324,-0.296780
1.349100,0.753027,-0.296833
1.350100,0.752730,-0.296885
1.351100,0.752433,-0.296937
1.352100,0.752136,-0.296989
1.353100,0.751839,-0.297040
1.354100,0.751542,-0.297092
1.355100,0.751245,-0.297143
1.356100,0.750948,-0.297194
1.357100,0.750650,-0.297244
1.358100,0.750353,-0.297294
1.359100,0.750056,-0.297345
1.360100,0.749759,-0.297394
1.361100,0.749461,-0.297444
1.362100,0.749164,-0.297493
1.363100,0.748866,-0.297543
1.364100,0.748569,-0.297592
1.365100,0.748271,-0.297640
1.366100,0.747973,-0.297689
1.367100,0.747676,-0.297737
1.368100,0.747378,-0.297785
1.369100,0.747080,-0.297833
1.370100,0.746782,-0.297880
1.371100,0.746484,-0.297928
1.372100,0.746186,-0.297975
1.373100,0.745888,-0.298021
1.374100,0.745590,-0.298068
1.375100,0.745292,-0.298114
1.376100,0.744994,-0.298161
1.377100,0.744696,-0.298207
1.378100,0.744398,-0.298252
1.379100,0.744099,-0.298298
1.380100,0.743801,-0.298343
1.381100,0.743503,-0.298388
1.382100,0.743204,-0.298433
1.383100,0.742906,-0.298477
1.384100,0.742607,-0.298521
1.385100,0.742309,-0.298565
1.386100,0.742010,-0.298609
1.387100,0.741712,-0.298653
1.388100,0.741413,-0.298696
1.389100,0.741114,-0.298739
1.390100,0.740815,-0.298782
1.391100,0.740517,-0.298825
1.392100,0.740218,-0.298867
1.393100,0.739919,-0.298910
1.394100,0.739620,-0.298952
1.395100,0.739321,-0.298993
1.396100,0.739022,-0.299035
1.397100,0.738723,-0.299076
1.398100,0.738424,-0.299117
1.399100,0.738125,-0.299158
1.400100,0.737825,-0.299199
1.401100,0.737526,-0.299239
1.402100,0.737227,-0.299279
1.403100,0.736928,-0.299319
1.404100,0.736628,-0.299359
1.405100,0.736329,-0.299399
1.406100,0.736030,-0.299438
1.407100,0.735730,-0.299477
1.408100,0.735431,-0.299516
1.409100,0.735131,-0.299554
1.410100,0.734831,-0.299593
1.411100,0.734532,-0.299631
1.412100,0.734232,-0.299669
1.413100,0.733932,-0.299707
1.414100,0.733633,-0.299744
1.415100,0.733333,-0.299781
1.416100,0.733033,-0.299818
1.417100,0.732733,-0.299855
1.418100,0.732434,-0.299892
1.419100,0.732134,-0.299928
1.420100,0.731834,-0.299964
1.421100,0.731534,-0.300000
1.422100,0.731234,-0.300036
1.423100,0.730934,-0.300071
1.424100,0.730634,-0.300106
1.425100,0.730333,-0.300141
1.426100,0.730033,-0.300176
1.427100,0.729733,-0.300211
1.428100,0.729433,-0.300245
1.429100,0.729133,-0.300279
1.430100,0.728832,-0.300313
1.431100,0.728532,-0.300347
1.432100,0.728232,-0.300380
1.433100,0.727931,-0.300414
1.434100,0.727631,-0.300447
1.435100,0.727330,-0.300479
1.436100,0.727030,-0.300512
1.437100,0.726729,-0.300544
1.438100,0.726429,-0.300576
1.439100,0.726128,-0.300608
1.440100,0.725827,-0.300640
1.441100,0.725527,-0.300672
1.442100,0.725226,-0.300703
1.443100,0.724925,-0.300734
1.444100,0.724625,-0.300765
1.445100,0.724324,-0.300795
1.446100,0.724023,-0.300826
1.447100,0.723722,-0.300856
1.448100,0.723421,-0.300886
1.449100,0.723120,-0.300916
1.450100,0.722820,-0.300945
1.451100,0.722519,-0.300974
1.452100,0.722218,-0.301004
1.453100,0.721917,-0.301032
1.454100,0.721615,-0.301061
1.455100,0.721314,-0.301089
1.456100,0.721013,-0.301118
1.457100,0.720712,-0.301146
1.458100,0.720411,-0.301174
1.459100,0.720110,-0.301201
1.460100,0.719809,-0.301228
1.461100,0.719507,-0.301256
1.462100,0.719206,-0.301283
1.463100,0.718905,-0.301309
1.464100,0.718603,-0.301336
1.465100,0.718302,-0.301362
1.466100,0.718001,-0.301388
1.467100,0.717699,-0.301414
1.468100,0.717398,-0.301440
1.469100,0.717096,-0.301465
1.470100,0.716795,-0.301490
1.471100,0.716494,-0.301515
1.472100,0.716192,-0.301540
1.473100,0.715890,-0.301565
1.474100,0.715589,-0.301589
1.475100,0.715287,-0.301613
1.476100,0.714986,-0.301637
1.477100,0.714684,-0.301661
1.478100,0.714382,-0.301684
1.479100,0.714081,-0.301708
1.480100,0.713779,-0.301731
1.481100,0.713477,-0.301754
1.482100,0.713175,-0.301776
1.483100,0.712874,-0.301799
1.484100,0.712572,-0.301821
1.485100,0.712270,-0.301843
1.486100,0.711968,-0.301865
1.487100,0.711666,-0.301887
1.488100,0.711364,-0.301908
1.489100,0.711062,-0.301929
1.490100,0.710760,-0.301950
1.491100,0.710459,-0.301971
1.492100,0.710157,-0.301992
1.493100,0.709855,-0.302012
1.494100,0.709553,-0.302032
1.495100,0.709250,-0.302052
1.496100,0.708948,-0.302072
1.497100,0.708646,-0.302091
1.498100,0.708344,-0.302111
1.499100,0.708042,-0.302130
1.500100,0.707740,-0.302149
1.501100,0.707438,-0.302168
1.502100,0.707136,-0.302186
1.503100,0.706833,-0.302204
1.504100,0.706531,-0.302222
1.505100,0.706229,-0.302240
1.506100,0.705927,-0.302258
1.507100,0.705624,-0.302276
1.508100,0.705322,-0.302293
1.509100,0.705020,-0.302310
1.510100,0.704718,-0.302327
1.511100,0.704415,-0.302343
1.512100,0.704113,-0.302360
1.513100,0.703811,-0.302376
1.514100,0.703508,-0.302392
1.515100,0.703206,-0.302408
1.516100,0.702903,-0.302424
1.517100,0.702601,-0.302439
1.518100,0.702298,-0.302454
1.519100,0.701996,-0.302469
1.520100,0.701693,-0.302484
1.521100,0.701391,-0.302499
1.522100,0.701088,-0.302513
1.523100,0.700786,-0.302527
1.524100,0.700483,-0.302541
1.525100,0.700181,-0.302555
1.526100,0.699878,-0.302569
1.527100,0.699576,-0.302582
1.528100,0.699273,-0.302596
1.529100,0.698971,-0.302609
1.530100,0.698668,-0.302621
1.531100,0.698365,-0.302634
1.532100,0.698063,-0.302646
1.533100,0.697760,-0.302659
1.534100,0.697457,-0.302671
1.535100,0.697155,-0.302682
1.536100,0.696852,-0.302694
1.537100,0.696549,-0.302706
1.538100,0.696247,-0.302717
1.539100,0.695944,-0.302728
1.540100,0.695641,-0.302739
1.541100,0.695338,-0.302749
1.542100,0.695036,-0.302760
1.543100,0.694733,-0.302770
1.544100,0.694430,-0.302780
1.545100,0.694127,-0.302790
1.546100,0.693825,-0.302799
1.547100,0.693522,-0.302809
1.548100,0.693219,-0.302818
1.549100,0.692916,-0.302827
1.550100,0.692613,-0.302836
1.551100,0.692310,-0.302845
1.552100,0.692008,-0.302853
1.553100,0.691705,-0.302861
1.554100,0.691402,-0.302869
1.555100,0.691099,-0.302877
1.556100,0.690796,-0.302885
1.557100,0.690493,-0.302892
1.558100,0.690190,-0.302900
1.559100,0.689887,-0.302907
1.560100,0.689584,-0.302914
1.561100,0.689282,-0.302920
1.562100,0.688979,-0.302927
1.563100,0.688676,-0.302933
1.564100,0.688373,-0.302939
1.565100,0.688070,-0.302945
1.566100,0.687767,-0.302951
1.567100,0.687464,-0.302957
1.568100,0.687161,-0.302962
1.569100,0.686858,-0.302967
1.570100,0.686555,-0.302972
1.571100,0.686252,-0.302977
1.572100,0.685949,-0.302982
1.573100,0.685646,-0.302986
1.574100,0.685343,-0.302990
1.575100,0.685040,-0.302994
1.576100,0.684737,-0.302998
1.577100,0.684434,-0.303002
1.578100,0.684131,-0.303005
1.579100,0.683828,-0.303008
1.580100,0.683525,-0.303011
1.581100,0.683222,-0.303014
1.582100,0.682919,-0.303017
1.583100,0.682616,-0.303019
1.584100,0.682313,-0.303022
1.585100,0.682010,-0.303024
1.586100,0.681707,-0.303026
1.587100,0.681404,-0.303028
1.588100,0.681101,-0.303029
1.589100,0.680798,-0.303031
1.590100,0.680495,-0.303032
1.591100,0.680192,-0.303033
1.592100,0.679889,-0.303034
1.593100,0.679586,-0.303034
1.594100,0.679283,-0.303035
1.595100,0.678980,-0.303035
1.596100,0.678677,-0.303035
1.597100,0.678374,-0.303035
1.598100,0.678071,-0.303034
1.599100,0.677768,-0.303034
1.600100,0.677465,-0.303033
1.601100,0.677161,-0.303032
1.602100,0.676858,-0.303031
1.603100,0.676555,-0.303030
1.604100,0.676252,-0.303029
1.605100,0.675949,-0.303027
1.606100,0.675646,-0.303025
1.607100,0.675343,-0.303023
1.608100,0.675040,-0.303021
1.609100,0.674737,-0.303019
1.610100,0.674434,-0.303016
1.611100,0.674131,-0.303014
1.612100,0.673828,-0.303011
1.613100,0.673525,-0.303008
1.614100,0.673222,-0.303004
1.615100,0.672919,-0.303001
1.616100,0.672616,-0.302997
1.617100,0.672313,-0.302994
1.618100,0.672010,-0.302990
1.619100,0.671707,-0.302985
1.620100,0.671404,-0.302981
1.621100,0.671101,-0.302977
1.622100,0.670798,-0.302972
1.623100,0.670495,-0.302967
1.624100,0.670192,-0.302962
1.625100,0.669889,-0.302957
1.626100,0.669586,-0.302951
1.627100,0.669284,-0.302946
1.628100,0.668981,-0.302940
1.629100,0.668678,-0.302934
1.630100,0.668375,-0.302928
1.631100,0.668072,-0.302922
1.632100,0.667769,-0.302915
1.633100,0.667466,-0.302908
1.634100,0.667163,-0.302902
1.635100,0.666860,-0.302895
1.636100,0.666557,-0.302887
1.637100,0.666254,-0.302880
1.638100,0.665951,-0.302872
1.639100,0.665649,-0.302865
1.640100,0.665346,-0.302857
1.641100,0.665043,-0.302849
1.642100,0.664740,-0.302840
1.643100,0.664437,-0.302832
1.644100,0.664134,-0.302823
1.645100,0.663832,-0.302815
1.646100,0.663529,-0.302806
1.647100,0.663226,-0.302796
1.648100,0.662923,-0.302787
1.649100,0.662620,-0.302778
1.650100,0.662318,-0.302768
1.651100,0.662015,-0.302758
1.652100,0.661712,-0.302748
1.653100,0.661409,-0.302738
1.654100,0.661107,-0.302728
1.655100,0.660804,-0.302717
1.656100,0.660501,-0.302706
1.657100,0.660198,-0.302695
1.658100,0.659896,-0.302684
1.659100,0.659593,-0.302673
1.660100,0.659290,-0.302662
1.661100,0.658988,-0.302650
1.662100,0.658685,-0.302639
1.663100,0.658383,-0.302627
1.664100,0.658080,-0.302615
1.665100,0.657777,-0.302602
1.666100,0.657475,-0.302590
1.667100,0.657172,-0.302577
1.668100,0.656870,-0.302565
1.669100,0.656567,-0.302552
1.670100,0.656264,-0.302538
1.671100,0.655962,-0.302525
1.672100,0.655659,-0.302512
1.673100,0.655357,-0.302498
1.674100,0.655054,-0.302484
1.675100,0.654752,-0.302470
1.676100,0.654449,-0.302456
1.677100,0.654147,-0.302442
1.678100,0.653845,-0.302428
1.679100,0.653542,-0.302413
1.680100,0.653240,-0.302398
1.681100,0.652937,-0.302383
1.682100,0.652635,-0.302368
1.683100,0.652333,-0.302353
1.684100,0.652030,-0.302337
1.685100,0.651728,-0.302322
1.686100,0.651426,-0.302306
1.687100,0.651123,-0.302290
1.688100,0.650821,-0.302274
1.689100,0.650519,-0.302258
1.690100,0.650217,-0.302241
1.691100,0.649914,-0.302225
1.692100,0.649612,-0.302208
1.693100,0.649310,-0.302191
1.694100,0.649008,-0.302174
1.695100,0.648706,-0.302156
1.696100,0.648403,-0.302139
1.697100,0.648101,-0.302121
1.698100,0.647799,-0.302104
1.699100,0.647497,-0.302086
1.700100,0.647195,-0.302068
1.701100,0.646893,-0.302049
1.702100,0.646591,-0.302031
1.703100,0.646289,-0.302012
1.704100,0.645987,-0.301994
1.705100,0.645685,-0.301975
1.706100,0.645383,-0.301956
1.707100,0.645081,-0.301936
1.708100,0.644779,-0.301917
1.709100,0.644477,-0.301897
1.710100,0.644175,-0.301878
1.711100,0.643873,-0.301858
1.712100,0.643572,-0.301838
1.713100,0.643270,-0.301818
1.714100,0.642968,-0.301797
1.715100,0.642666,-0.301777
1.716100,0.642364,-0.301756
1.717100,0.642063,-0.301735
1.718100,0.641761,-0.301714
1.719100,0.641459,-0.301693
1.720100,0.641157,-0.301672
1.721100,0.640856,-0.301650
1.722100,0.640554,-0.301629
1.723100,0.640253,-0.301607
1.724100,0.639951,-0.301585
1.725100,0.639649,-0.301563
1.726100,0.639348,-0.301541
1.727100,0.639046,-0.301518
1.728100,0.638745,-0.301496
1.729100,0.638443,-0.301473
1.730100,0.638142,-0.301450
1.731100,0.637840,-0.301427
1.732100,0.637539,-0.301404
1.733100,0.637238,-0.301380
1.734100,0.636936,-0.301357
1.735100,0.636635,-0.301333
1.736100,0.636334,-0.301309
1.737100,0.636032,-0.301285
1.738100,0.635731,-0.301261
1.739100,0.635430,-0.301237
1.740100,0.635129,-0.301212
1.741100,0.634827,-0.301188
1.742100,0.634526,-0.301163
1.743100,0.634225,-0.301138
1.744100,0.633924,-0.301113
1.745100,0.633623,-0.301088
1.746100,0.633322,-0.301063
1.747100,0.633021,-0.301037
1.748100,0.632720,-0.301011
1.749100,0.632419,-0.300985
1.750100,0.632118,-0.300960
1.751100,0.631817,-0.300933
1.752100,0.631516,-0.300907
1.753100,0.631215,-0.300881
1.754100,0.630914,-0.300854
1.755100,0.630613,-0.300827
1.756100,0.630312,-0.300800
1.757100,0.630012,-0.300773
1.758100,0.629711,-0.300746
1.759100,0.629410,-0.300719
1.760100,0.629109,-0.300691
1.761100,0.628809,-0.300664
1.762100,0.628508,-0.300636
1.763100,0.628207,-0.300608
1.764100,0.627907,-0.300580
1.765100,0.627606,-0.300552
1.766100,0.627306,-0.300523
1.767100,0.627005,-0.300495
1.768100,0.626705,-0.300466
1.769100,0.626404,-0.300437
1.770100,0.626104,-0.300408
1.771100,0.625803,-0.300379
1.772100,0.625503,-0.300350
1.773100,0.625203,-0.300320
1.774100,0.624902,-0.300291
1.775100,0.624602,-0.300261
1.776100,0.624302,-0.300231
1.777100,0.624002,-0.300201
1.778100,0.623702,-0.300171
1.779100,0.623401,-0.300141
1.780100,0.623101,-0.300110
1.781100,0.622801,-0.300080
1.782100,0.622501,-0.300049
1.783100,0.622201,-0.300018
1.784100,0.621901,-0.299987
1.785100,0.621601,-0.299956
1.786100,0.621301,-0.299925
1.787100,0.621001,-0.299893
1.788100,0.620701,-0.299862
1.789100,0.620402,-0.299830
1.790100,0.620102,-0.299798
1.791100,0.619802,-0.299766
1.792100,0.619502,-0.299734
1.793100,0.619202,-0.299701
1.794100,0.618903,-0.299669
1.795100,0.618603,-0.299636
1.796100,0.618304,-0.299604
1.797100,0.618004,-0.299571
1.798100,0.617704,-0.299538
1.799100,0.617405,-0.299505
1.800100,0.617105,-0.299471
1.801100,0.616806,-0.299438
1.802100,0.616506,-0.299404
1.803100,0.616207,-0.299370
1.804100,0.615908,-0.299337
1.805100,0.615608,-0.299303
1.806100,0.615309,-0.299268
1.807100,0.615010,-0.299234
1.808100,0.614711,-0.299200
1.809100,0.614411,-0.299165
1.810100,0.614112,-0.299130
1.811100,0.613813,-0.299095
1.812100,0.613514,-0.299061
1.813100,0.613215,-0.299025
1.814100,0.612916,-0.298990
1.815100,0.612617,-0.298955
1.816100,0.612318,-0.298919
1.817100,0.612019,-0.298883
1.818100,0.611720,-0.298848
1.819100,0.611422,-0.298812
1.820100,0.611123,-0.298776
1.821100,0.610824,-0.298739
1.822100,0.610525,-0.298703
1.823100,0.610227,-0.298666
1.824100,0.609928,-0.298630
1.825100,0.609629,-0.298593
1.826100,0.609331,-0.298556
1.827100,0.609032,-0.298519
1.828100,0.608734,-0.298482
1.829100,0.608435,-0.298445
1.830100,0.608137,-0.298407
1.831100,0.607838,-0.298369
1.832100,0.607540,-0.298332
1.833100,0.607242,-0.298294
1.834100,0.606944,-0.298256
1.835100,0.606645,-0.298218
1.836100,0.606347,-0.298179
1.837100,0.606049,-0.298141
1.838100,0.605751,-0.298103
1.839100,0.605453,-0.298064
1.840100,0.605155,-0.298025
1.841100,0.604857,-0.297986
1.842100,0.604559,-0.297947
1.843100,0.604261,-0.297908
1.844100,0.603963,-0.297869
1.845100,0.603665,-0.297829
1.846100,0.603367,-0.297790
1.847100,0.603069,-0.297750
1.848100,0.602772,-0.297710
1.849100,0.602474,-0.297670
1.850100,0.602176,-0.297630
1.851100,0.601879,-0.297590
1.852100,0.601581,-0.297549
1.853100,0.601284,-0.297509
1.854100,0.600986,-0.297468
1.855100,0.600689,-0.297427
1.856100,0.600391,-0.297386
1.857100,0.600094,-0.297345
1.858100,0.599797,-0.297304
1.859100,0.599499,-0.297263
1.860100,0.599202,-0.297222
1.861100,0.598905,-0.297180
1.862100,0.598608,-0.297138
1.863100,0.598311,-0.297097
1.864100,0.598014,-0.297055
1.865100,0.597717,-0.297013
1.866100,0.597420,-0.296970
1.867100,0.597123,-0.296928
1.868100,0.596826,-0.296886
1.869100,0.596529,-0.296843
1.870100,0.596232,-0.296800
1.871100,0.595935,-0.296758
1.872100,0.595639,-0.296715
1.873100,0.595342,-0.296672
1.874100,0.595045,-0.296628
1.875100,0.594749,-0.296585
1.876100,0.594452,-0.296542
1.877100,0.594155,-0.296498
1.878100,0.593859,-0.296454
1.879100,0.593563,-0.296411
1.880100,0.593266,-0.296367
1.881100,0.592970,-0.296323
1.882100,0.592674,-0.296278
1.883100,0.592377,-0.296234
1.884100,0.592081,-0.296190
1.885100,0.591785,-0.296145
1.886100,0.591489,-0.296100
1.887100,0.591193,-0.296056
1.888100,0.590897,-0.296011
1.889100,0.590601,-0.295966
1.890100,0.590305,-0.295920
1.891100,0.590009,-0.295875
1.892100,0.589713,-0.295830
1.893100,0.589417,-0.295784
1.894100,0.589121,-0.295739
1.895100,0.588826,-0.295693
1.896100,0.588530,-0.295647
1.897100,0.588234,-0.295601
1.898100,0.587939,-0.295555
1.899100,0.587643,-0.295508
1.900100,0.587348,-0.295462
1.901100,0.587052,-0.295415
1.902100,0.586757,-0.295369
1.903100,0.586462,-0.295322
1.904100,0.586166,-0.295275
1.905100,0.585871,-0.295228
1.906100,0.585576,-0.295181
1.907100,0.585281,-0.295134
1.908100,0.584986,-0.295087
1.909100,0.584691,-0.295039
1.910100,0.584396,-0.294992
1.911100,0.584101,-0.294944
1.912100,0.583806,-0.294896
1.913100,0.583511,-0.294848
1.914100,0.583216,-0.294800
1.915100,0.582921,-0.294752
1.916100,0.582626,-0.294704
1.917100,0.582332,-0.294655
1.918100,0.582037,-0.294607
1.919100,0.581743,-0.294558
1.920100,0.581448,-0.294509
1.921100,0.581154,-0.294460
1.922100,0.580859,-0.294411
1.923100,0.580565,-0.294362
1.924100,0.580270,-0.294313
1.925100,0.579976,-0.294264
1.926100,0.579682,-0.294214
1.927100,0.579388,-0.294165
1.928100,0.579094,-0.294115
1.929100,0.578799,-0.294065
1.930100,0.578505,-0.294015
1.931100,0.578211,-0.293965
1.932100,0.577917,-0.293915
1.933100,0.577624,-0.293865
1.934100,0.577330,-0.293815
1.935100,0.577036,-0.293764
1.936100,0.576742,-0.293714
1.937100,0.576449,-0.293663
1.938100,0.576155,-0.293612
1.939100,0.575861,-0.293561
1.940100,0.575568,-0.293510
1.941100,0.575274,-0.293459
1.942100,0.574981,-0.293408
1.943100,0.574687,-0.293356
1.944100,0.574394,-0.293305
1.945100,0.574101,-0.293253
1.946100,0.573808,-0.293202
1.947100,0.573514,-0.293150
1.948100,0.573221,-0.293098
1.949100,0.572928,-0.293046
1.950100,0.572635,-0.292994
1.951100,0.572342,-0.292942
1.952100,0.572049,-0.292889
1.953100,0.571756,-0.292837
1.954100,0.571464,-0.292784
1.955100,0.571171,-0.292731
1.956100,0.570878,-0.292679
1.957100,0.570586,-0.292626
1.958100,0.570293,-0.292573
1.959100,0.570000,-0.292520
1.960100,0.569708,-0.292466
1.961100,0.569415,-0.292413
1.962100,0.569123,-0.292360
1.963100,0.568831,-0.292306
1.964100,0.568538,-0.292252
1.965100,0.568246,-0.292199
1.966100,0.567954,-0.292145
1.967100,0.567662,-0.292091
1.968100,0.567370,-0.292037
1.969100,0.567078,-0.291982
1.970100,0.566786,-0.291928
1.971100,0.566494,-0.291874
1.972100,0.566202,-0.291819
1.973100,0.565910,-0.291765
1.974100,0.565619,-0.291710
1.975100,0.565327,-0.291655
1.976100,0.565035,-0.291600
1.977100,0.564744,-0.291545
1.978100,0.564452,-0.291490
1.979100,0.564161,-0.291435
1.980100,0.563869,-0.291379
1.981100,0.563578,-0.291324
1.982100,0.563287,-0.291268
1.983100,0.562996,-0.291213
1.984100,0.562704,-0.291157
1.985100,0.562413,-0.291101
1.986100,0.562122,-0.291045
1.987100,0.561831,-0.290989
1.988100,0.561540,-0.290933
1.989100,0.561249,-0.290876
1.990100,0.560958,-0.290820
1.991100,0.560668,-0.290764
1.992100,0.560377,-0.290707
1.993100,0.560086,-0.290650
1.994100,0.559796,-0.290593
1.995100,0.559505,-0.290537
1.996100,0.559214,-0.290480
1.997100,0.558924,-0.290422
1.998100,0.558634,-0.290365
1.999100,0.558343,-0.290308
2.000100,0.558053,-0.290251
2.001100,0.557763,-0.290193
2.002100,0.557473,-0.290135
2.003100,0.557183,-0.290078
2.004100,0.556892,-0.290020
2.005100,0.556602,-0.289962
2.006100,0.556313,-0.289904
2.007100,0.556023,-0.289846
2.008100,0.555733,-0.289788
2.009100,0.555443,-0.289729
2.010100,0.555153,-0.289671
2.011100,0.554864,-0.289613
2.012100,0.554574,-0.289554
2.013100,0.554285,-0.289495
2.014100,0.553995,-0.289437
2.015100,0.553706,-0.289378
2.016100,0.553416,-0.289319
2.017100,0.553127,-0.289260
2.018100,0.552838,-0.289200
2.019100,0.552549,-0.289141
2.020100,0.552260,-0.289082
2.021100,0.551971,-0.289022
2.022100,0.551682,-0.288963
2.023100,0.551393,-0.288903
2.024100,0.551104,-0.288843
2.025100,0.550815,-0.288784
2.026100,0.550526,-0.288724
2.027100,0.550238,-0.288664
2.028100,0.549949,-0.288603
2.029100,0.549660,-0.288543
2.030100,0.549372,-0.288483
2.031100,0.549083,-0.288422
2.032100,0.548795,-0.288362
2.033100,0.548507,-0.288301
2.034100,0.548218,-0.288241
2.035100,0.547930,-0.288180
2.036100,0.547642,-0.288119
2.037100,0.547354,-0.288058
2.038100,0.547066,-0.287997
2.039100,0.546778,-0.287936
2.040100,0.546490,-0.287875
2.041100,0.546202,-0.287813
2.042100,0.545914,-0.287752
2.043100,0.545627,-0.287690
2.044100,0.545339,-0.287629
2.045100,0.545051,-0.287567
2.046100,0.544764,-0.287505
2.047100,0.544476,-0.287443
2.048100,0.544189,-0.287381
2.049100,0.543902,-0.287319
2.050100,0.543614,-0.287257
2.051100,0.543327,-0.287195
2.052100,0.543040,-0.287132
2.053100,0.542753,-0.287070
2.054100,0.542466,-0.287007
2.055100,0.542179,-0.286945
2.056100,0.541892,-0.286882
2.057100,0.541605,-0.286819
2.058100,0.541318,-0.286756
2.059100,0.541032,-0.286693
2.060100,0.540745,-0.286630
2.061100,0.540458,-0.286567
2.062100,0.540172,-0.286504
2.063100,0.539885,-0.286441
2.064100,0.539599,-0.286377
2.065100,0.539313,-0.286314
2.066100,0.539026,-0.286250
2.067100,0.538740,-0.286186
2.068100,0.538454,-0.286123
2.069100,0.538168,-0.286059
2.070100,0.537882,-0.285995
2.071100,0.537596,-0.285931
2.072100,0.537310,-0.285867
2.073100,0.537024,-0.285802
2.074100,0.536738,-0.285738
2.075100,0.536453,-0.285674
2.076100,0.536167,-0.285609
2.077100,0.535881,-0.285545
2.078100,0.535596,-0.285480
2.079100,0.535310,-0.285415
2.080100,0.535025,-0.285351
2.081100,0.534740,-0.285286
2.082100,0.534454,-0.285221
2.083100,0.534169,-0.285156
2.084100,0.533884,-0.285090
2.085100,0.533599,-0.285025
2.086100,0.533314,-0.284960
2.087100,0.533029,-0.284895
2.088100,0.532744,-0.284829
2.089100,0.532460,-0.284763
2.090100,0.532175,-0.284698
2.091100,0.531890,-0.284632
2.092100,0.531606,-0.284566
2.093100,0.531321,-0.284500
2.094100,0.531037,-0.284434
2.095100,0.530752,-0.284368
2.096100,0.530468,-0.284302
2.097100,0.530184,-0.284236
2.098100,0.529899,-0.284170
2.099100,0.529615,-0.284103
2.100100,0.529331,-0.284037
2.101100,0.529047,-0.283970
2.102100,0.528763,-0.283904
2.103100,0.528479,-0.283837
2.104100,0.528195,-0.283770
2.105100,0.527912,-0.283703
2.106100,0.527628,-0.283636
2.107100,0.527344,-0.283569
2.108100,0.527061,-0.283502
2.109100,0.526777,-0.283435
2.110100,0.526494,-0.283368
2.111100,0.526211,-0.283300
2.112100,0.525927,-0.283233
2.113100,0.525644,-0.283165
2.114100,0.525361,-0.283098
2.115100,0.525078,-0.283030
2.116100,0.524795,-0.282962
2.117100,0.524512,-0.282894
2.118100,0.524229,-0.282826
2.119100,0.523947,-0.282758
2.120100,0.523664,-0.282690
2.121100,0.523381,-0.282622
2.122100,0.523099,-0.282554
2.123100,0.522816,-0.282486
2.124100,0.522534,-0.282417
2.125100,0.522251,-0.282349
2.126100,0.521969,-0.282280
2.127100,0.521687,-0.282212
2.128100,0.521404,-0.282143
2.129100,0.521122,-0.282074
2.130100,0.520840,-0.282005
2.131100,0.520558,-0.281937
2.132100,0.520276,-0.281868
2.133100,0.519995,-0.281798
2.134100,0.519713,-0.281729
2.135100,0.519431,-0.281660
2.136100,0.519150,-0.281591
2.137100,0.518868,-0.281521
2.138100,0.518586,-0.281452
2.139100,0.518305,-0.281382
2.140100,0.518024,-0.281313
2.141100,0.517742,-0.281243
2.142100,0.517461,-0.281173
2.143100,0.517180,-0.281104
2.144100,0.516899,-0.281034
2.145100,0.516618,-0.280964
2.146100,0.516337,-0.280894
2.147100,0.516056,-0.280824
2.148100,0.515775,-0.280753
2.149100,0.515495,-0.280683
2.150100,0.515214,-0.280613
2.151100,0.514933,-0.280542
2.152100,0.514653,-0.280472
2.153100,0.514373,-0.280401
2.154100,0.514092,-0.280331
2.155100,0.513812,-0.280260
2.156100,0.513532,-0.280189
2.157100,0.513252,-0.280118
2.158100,0.512971,-0.280048
2.159100,0.512691,-0.279977
2.160100,0.512411,-0.279906
2.161100,0.512132,-0.279834
2.162100,0.511852,-0.279763
2.163100,0.511572,-0.279692
2.164100,0.511292,-0.279621
2.165100,0.511013,-0.279549
2.166100,0.510733,-0.279478
2.167100,0.510454,-0.279406
2.168100,0.510175,-0.279335
2.169100,0.509895,-0.279263
2.170100,0.509616,-0.279191
2.171100,0.509337,-0.279119
2.172100,0.509058,-0.279047
2.173100,0.508779,-0.278975
2.174100,0.508500,-0.278903
2.175100,0.508221,-0.278831
2.176100,0.507942,-0.278759
2.177100,0.507663,-0.278687
2.178100,0.507385,-0.278615
2.179100,0.507106,-0.278542
2.180100,0.506828,-0.278470
2.181100,0.506549,-0.278397
2.182100,0.506271,-0.278325
2.183100,0.505993,-0.278252
2.184100,0.505714,-0.278179
2.185100,0.505436,-0.278107
2.186100,0.505158,-0.278034
2.187100,0.504880,-0.277961
2.188100,0.504602,-0.277888
2.189100,0.504324,-0.277815
2.190100,0.504047,-0.277742
2.191100,0.503769,-0.277669
2.192100,0.503491,-0.277595
2.193100,0.503214,-0.277522
2.194100,0.502936,-0.277449
2.195100,0.502659,-0.277375
2.196100,0.502381,-0.277302
2.197100,0.502104,-0.277228
2.198100,0.501827,-0.277154
2.199100,0.501550,-0.277081
2.200100,0.501273,-0.277007
2.201100,0.500996,-0.276933
2.202100,0.500719,-0.276859
2.203100,0.500442,-0.276785
2.204100,0.500165,-0.276711
2.205100,0.499889,-0.276637
2.206100,0.499612,-0.276563
2.207100,0.499336,-0.276489
2.208100,0.499059,-0.276415
2.209100,0.498783,-0.276340
2.210100,0.498506,-0.276266
2.211100,0.498230,-0.276191
2.212100,0.497954,-0.276117
2.213100,0.497678,-0.276042
2.214100,0.497402,-0.275968
2.215100,0.497126,-0.275893
2.216100,0.496850,-0.275818
2.217100,0.496574,-0.275743
2.218100,0.496299,-0.275668
2.219100,0.496023,-0.275593
2.220100,0.495748,-0.275518
2.221100,0.495472,-0.275443
2.222100,0.495197,-0.275368
2.223100,0.494921,-0.275293
2.224100,0.494646,-0.275218
2.225100,0.494371,-0.275142
2.226100,0.494096,-0.275067
2.227100,0.493821,-0.274992
2.228100,0.493546,-0.274916
2.229100,0.493271,-0.274841
2.230100,0.492996,-0.274765
2.231100,0.492721,-0.274689
2.232100,0.492447,-0.274613
2.233100,0.492172,-0.274538
2.234100,0.491898,-0.274462
2.235100,0.491623,-0.274386
2.236100,0.491349,-0.274310
2.237100,0.491075,-0.274234
2.238100,0.490800,-0.274158
2.239100,0.490526,-0.274082
2.240100,0.490252,-0.274005
2.241100,0.489978,-0.273929
2.242100,0.489704,-0.273853
2.243100,0.489431,-0.273776
2.244100,0.489157,-0.273700
2.245100,0.488883,-0.273623
2.246100,0.488610,-0.273547
2.247100,0.488336,-0.273470
2.248100,0.488063,-0.273394
2.249100,0.487789,-0.273317
2.250100,0.487516,-0.273240
2.251100,0.487243,-0.273163
2.252100,0.486970,-0.273086
2.253100,0.486697,-0.273009
2.254100,0.486424,-0.272932
2.255100,0.486151,-0.272855
2.256100,0.485878,-0.272778
2.257100,0.485605,-0.272701
2.258100,0.485333,-0.272624
2.259100,0.485060,-0.272547
2.260100,0.484787,-0.272469
2.261100,0.484515,-0.272392
2.262100,0.484243,-0.272314
2.263100,0.483970,-0.272237
2.264100,0.483698,-0.272159
2.265100,0.483426,-0.272082
2.266100,0.483154,-0.272004
2.267100,0.482882,-0.271926
2.268100,0.482610,-0.271849
2.269100,0.482338,-0.271771
2.270100,0.482067,-0.271693
2.271100,0.481795,-0.271615
2.272100,0.481523,-0.271537
2.273100,0.481252,-0.271459
2.274100,0.480981,-0.271381
2.275100,0.480709,-0.271303
2.276100,0.480438,-0.271224
2.277100,0.480167,-0.271146
2.278100,0.479896,-0.271068
2.279100,0.479625,-0.270989
2.280100,0.479354,-0.270911
2.281100,0.479083,-0.270833
2.282100,0.478812,-0.270754
2.283100,0.478541,-0.270675
2.284100,0.478271,-0.270597
2.285100,0.478000,-0.270518
2.286100,0.477730,-0.270439
2.287100,0.477459,-0.270361
2.288100,0.477189,-0.270282
2.289100,0.476919,-0.270203
2.290100,0.476648,-0.270124
2.291100,0.476378,-0.270045
2.292100,0.476108,-0.269966
2.293100,0.475838,-0.269887
2.294100,0.475569,-0.269808
2.295100,0.475299,-0.269729
2.296100,0.475029,-0.269649
2.297100,0.474760,-0.269570
2.298100,0.474490,-0.269491
2.299100,0.474221,-0.269412
2.300100,0.473951,-0.269332
2.301100,0.473682,-0.269253
2.302100,0.473413,-0.269173
2.303100,0.473144,-0.269094
2.304100,0.472874,-0.269014
2.305100,0.472606,-0.268934
2.306100,0.472337,-0.268855
2.307100,0.472068,-0.268775
2.308100,0.471799,-0.268695
2.309100,0.471530,-0.268615
2.310100,0.471262,-0.268535
2.311100,0.470993,-0.268455
2.312100,0.470725,-0.268375
2.313100,0.470457,-0.268295
2.314100,0.470188,-0.268215
2.315100,0.469920,-0.268135
2.316100,0.469652,-0.268055
2.317100,0.469384,-0.267975
2.318100,0.469116,-0.267894
2.319100,0.468848,-0.267814
2.320100,0.468581,-0.267734
2.321100,0.468313,-0.267653
2.322100,0.468045,-0.267573
2.323100,0.467778,-0.267492
2.324100,0.467510,-0.267412
2.325100,0.467243,-0.267331
2.326100,0.466976,-0.267250
2.327100,0.466708,-0.267170
2.328100,0.466441,-0.267089
2.329100,0.466174,-0.267008
2.330100,0.465907,-0.266927
2.331100,0.465640,-0.266847
2.332100,0.465374,-0.266766
2.333100,0.465107,-0.266685
2.334100,0.464840,-0.266604
2.335100,0.464574,-0.266523
2.336100,0.464307,-0.266441
2.337100,0.464041,-0.266360
2.338100,0.463774,-0.266279
2.339100,0.463508,-0.266198
2.340100,0.463242,-0.266117
2.341100,0.462976,-0.266035
2.342100,0.462710,-0.265954
2.343100,0.462444,-0.265873
2.344100,0.462178,-0.265791
2.345100,0.461912,-0.265710
2.346100,0.461647,-0.265628
2.347100,0.461381,-0.265547
2.348100,0.461116,-0.265465
2.349100,0.460850,-0.265383
2.350100,0.460585,-0.265302
2.351100,0.460320,-0.265220
2.352100,0.460054,-0.265138
2.353100,0.459789,-0.265056
2.354100,0.459524,-0.264974
2.355100,0.459259,-0.264893
2.356100,0.458995,-0.264811
2.357100,0.458730,-0.264729
2.358100,0.458465,-0.264647
2.359100,0.458200,-0.264565
2.360100,0.457936,-0.264482
2.361100,0.457672,-0.264400
2.362100,0.457407,-0.264318
2.363100,0.457143,-0.264236
2.364100,0.456879,-0.264154
2.365100,0.456615,-0.264071
2.366100,0.456351,-0.263989
2.367100,0.456087,-0.263907
2.368100,0.455823,-0.263824
2.369100,0.455559,-0.263742
2.370100,0.455295,-0.263659
2.371100,0.455032,-0.263577
2.372100,0.454768,-0.263494
2.373100,0.454505,-0.263412
2.374100,0.454241,-0.263329
2.375100,0.453978,-0.263246
2.376100,0.453715,-0.263163
2.377100,0.453452,-0.263081
2.378100,0.453189,-0.262998
2.379100,0.452926,-0.262915
2.380100,0.452663,-0.262832
2.381100,0.452400,-0.262749
2.382100,0.452137,-0.262666
2.383100,0.451875,-0.262583
2.384100,0.451612,-0.262500
2.385100,0.451350,-0.262417
2.386100,0.451087,-0.262334
2.387100,0.450825,-0.262251
2.388100,0.450563,-0.262168
2.389100,0.450301,-0.262084
2.390100,0.450039,-0.262001
2.391100,0.449777,-0.261918
2.392100,0.449515,-0.261835
2.393100,0.449253,-0.261751
2.394100,0.448991,-0.261668
2.395100,0.448730,-0.261584
2.396100,0.448468,-0.261501
2.397100,0.448207,-0.261417
2.398100,0.447945,-0.261334
2.399100,0.447684,-0.261250
2.400100,0.447423,-0.261167
2.401100,0.447162,-0.261083
2.402100,0.446901,-0.260999
2.403100,0.446640,-0.260916
2.404100,0.446379,-0.260832
2.405100,0.446118,-0.260748
2.406100,0.445857,-0.260664
2.407100,0.445597,-0.260580
2.408100,0.445336,-0.260496
2.409100,0.445076,-0.260412
2.410100,0.444815,-0.260329
2.411100,0.444555,-0.260245
2.412100,0.444295,-0.260161
2.413100,0.444035,-0.260076
2.414100,0.443775,-0.259992
2.415100,0.443515,-0.259908
2.416100,0.443255,-0.259824
2.417100,0.442995,-0.259740
2.418100,0.442735,-0.259656
2.419100,0.442476,-0.259571
2.420100,0.442216,-0.259487
2.421100,0.441957,-0.259403
2.422100,0.441697,-0.259318
2.423100,0.441438,-0.259234
2.424100,0.441179,-0.259150
2.425100,0.440920,-0.259065
2.426100,0.440661,-0.258981
2.427100,0.440402,-0.258896
2.428100,0.440143,-0.258812
2.429100,0.439884,-0.258727
2.430100,0.439626,-0.258642
2.431100,0.439367,-0.258558
2.432100,0.439108,-0.258473
2.433100,0.438850,-0.258388
2.434100,0.438592,-0.258304
2.435100,0.438333,-0.258219
2.436100,0.438075,-0.258134
2.437100,0.437817,-0.258049
2.438100,0.437559,-0.257964
2.439100,0.437301,-0.257879
2.440100,0.437043,-0.257794
2.441100,0.436786,-0.257710
2.442100,0.436528,-0.257625
2.443100,0.436270,-0.257540
2.444100,0.436013,-0.257454
2.445100,0.435755,-0.257369
2.446100,0.435498,-0.257284
2.447100,0.435241,-0.257199
2.448100,0.434984,-0.257114
2.449100,0.434727,-0.257029
2.450100,0.434470,-0.256944
2.451100,0.434213,-0.256858
2.452100,0.433956,-0.256773
2.453100,0.433699,-0.256688
2.454100,0.433443,-0.256602
2.455100,0.433186,-0.256517
2.456100,0.432930,-0.256432
2.457100,0.432673,-0.256346
2.458100,0.432417,-0.256261
2.459100,0.432161,-0.256175
2.460100,0.431905,-0.256090
2.461100,0.431648,-0.256004
2.462100,0.431393,-0.255919
2.463100,0.431137,-0.255833
2.464100,0.430881,-0.255748
2.465100,0.430625,-0.255662
2.466100,0.430370,-0.255576
2.467100,0.430114,-0.255491
2.468100,0.429859,-0.255405
2.469100,0.429603,-0.255319
2.470100,0.429348,-0.255233
2.471100,0.429093,-0.255148
2.472100,0.428838,-0.255062
2.473100,0.428583,-0.254976
2.474100,0.428328,-0.254890
2.475100,0.428073,-0.254804
2.476100,0.427818,-0.254718
2.477100,0.427563,-0.254632
2.478100,0.427309,-0.254546
2.479100,0.427054,-0.254460
2.480100,0.426800,-0.254374
2.481100,0.426546,-0.254288
2.482100,0.426291,-0.254202
2.483100,0.426037,-0.254116
2.484100,0.425783,-0.254030
2.485100,0.425529,-0.253944
2.486100,0.425275,-0.253857
2.487100,0.425021,-0.253771
2.488100,0.424768,-0.253685
2.489100,0.424514,-0.253599
2.490100,0.424260,-0.253512
2.491100,0.424007,-0.253426
2.492100,0.423754,-0.253340
2.493100,0.423500,-0.253253
2.494100,0.423247,-0.253167
2.495100,0.422994,-0.253081
2.496100,0.422741,-0.252994
2.497100,0.422488,-0.252908
2.498100,0.422235,-0.252821
2.499100,0.421982,-0.252735
2.500100,0.421730,-0.252648
2.501100,0.421477,-0.252562
2.502100,0.421224,-0.252475
2.503100,0.420972,-0.252389
2.504100,0.420720,-0.252302
2.505100,0.420467,-0.252215
2.506100,0.420215,-0.252129
2.507100,0.419963,-0.252042
2.508100,0.419711,-0.251955
2.509100,0.419459,-0.251869
2.510100,0.419207,-0.251782
2.511100,0.418956,-0.251695
2.512100,0.418704,-0.251608
2.513100,0.418453,-0.251522
2.514100,0.418201,-0.251435
2.515100,0.417950,-0.251348
2.516100,0.417698,-0.251261
2.517100,0.417447,-0.251174
2.518100,0.417196,-0.251087
2.519100,0.416945,-0.251000
2.520100,0.416694,-0.250913
2.521100,0.416443,-0.250826
2.522100,0.416192,-0.250739
2.523100,0.415942,-0.250652
2.524100,0.415691,-0.250565
2.525100,0.415441,-0.250478
2.526100,0.415190,-0.250391
2.527100,0.414940,-0.250304
2.528100,0.414689,-0.250217
2.529100,0.414439,-0.250130
2.530100,0.414189,-0.250043
2.531100,0.413939,-0.249955
2.532100,0.413689,-0.249868
2.533100,0.413439,-0.249781
2.534100,0.413190,-0.249694
2.535100,0.412940,-0.249607
2.536100,0.412691,-0.249519
2.537100,0.412441,-0.249432
2.538100,0.412192,-0.249345
2.539100,0.411942,-0.249257
2.540100,0.411693,-0.249170
2.541100,0.411444,-0.249083
2.542100,0.411195,-0.248995
2.543100,0.410946,-0.248908
2.544100,0.410697,-0.248820
2.545100,0.410448,-0.248733
2.546100,0.410200,-0.248645
2.547100,0.409951,-0.248558
2.548100,0.409703,-0.248470
2.549100,0.409454,-0.248383
2.550100,0.409206,-0.248295
2.551100,0.408958,-0.248208
2.552100,0.408709,-0.248120
2.553100,0.408461,-0.248033
2.554100,0.408213,-0.247945
2.555100,0.407965,-0.247858
2.556100,0.407718,-0.247770
2.557100,0.407470,-0.247682
2.558100,0.407222,-0.247595
2.559100,0.406975,-0.247507
2.560100,0.406727,-0.247419
2.561100,0.406480,-0.247331
2.562100,0.406233,-0.247244
2.563100,0.405985,-0.247156
2.564100,0.405738,-0.247068
2.565100,0.405491,-0.246980
2.566100,0.405244,-0.246893
2.567100,0.404997,-0.246805
2.568100,0.404751,-0.246717
2.569100,0.404504,-0.246629
2.570100,0.404257,-0.246541
2.571100,0.404011,-0.246453
2.572100,0.403765,-0.246365
2.573100,0.403518,-0.246278
2.574100,0.403272,-0.246190
2.575100,0.403026,-0.246102
2.576100,0.402780,-0.246014
2.577100,0.402534,-0.245926
2.578100,0.402288,-0.245838
2.579100,0.402042,-0.245750
2.580100,0.401796,-0.245662
2.581100,0.401551,-0.245574
2.582100,0.401305,-0.245486
2.583100,0.401060,-0.245398
2.584100,0.400814,-0.245310
2.585100,0.400569,-0.245221
2.586100,0.400324,-0.245133
2.587100,0.400079,-0.245045
2.588100,0.399834,-0.244957
2.589100,0.399589,-0.244869
2.590100,0.399344,-0.244781
2.591100,0.399099,-0.244693
2.592100,0.398855,-0.244604
2.593100,0.398610,-0.244516
2.594100,0.398366,-0.244428
2.595100,0.398121,-0.244340
2.596100,0.397877,-0.244252
2.597100,0.397633,-0.244163
2.598100,0.397389,-0.244075
2.599100,0.397145,-0.243987
2.600100,0.396901,-0.243899
2.601100,0.396657,-0.243810
2.602100,0.396413,-0.243722
2.603100,0.396170,-0.243634
2.604100,0.395926,-0.243545
2.605100,0.395682,-0.243457
2.606100,0.395439,-0.243369
2.607100,0.395196,-0.243280
2.608100,0.394952,-0.243192
2.609100,0.394709,-0.243103
2.610100,0.394466,-0.243015
2.611100,0.394223,-0.242927
2.612100,0.393980,-0.242838
2.613100,0.393738,-0.242750
2.614100,0.393495,-0.242661
2.615100,0.393252,-0.242573
2.616100,0.393010,-0.242484
2.617100,0.392767,-0.242396
2.618100,0.392525,-0.242307
2.619100,0.392283,-0.242219
2.620100,0.392041,-0.242130
2.621100,0.391798,-0.242042
2.622100,0.391556,-0.241953
2.623100,0.391315,-0.241865
2.624100,0.391073,-0.241776
2.625100,0.390831,-0.241688
2.626100,0.390589,-0.241599
2.627100,0.390348,-0.241510
2.628100,0.390106,-0.241422
2.629100,0.389865,-0.241333
2.630100,0.389624,-0.241245
2.631100,0.389382,-0.241156
2.632100,0.389141,-0.241067
2.633100,0.388900,-0.240979
2.634100,0.388659,-0.240890
2.635100,0.388419,-0.240801
2.636100,0.388178,-0.240713
2.637100,0.387937,-0.240624
2.638100,0.387697,-0.240535
2.639100,0.387456,-0.240447
2.640100,0.387216,-0.240358
2.641100,0.386975,-0.240269
2.642100,0.386735,-0.240181
2.643100,0.386495,-0.240092
2.644100,0.386255,-0.240003
2.645100,0.386015,-0.239914
2.646100,0.385775,-0.239826
2.647100,0.385535,-0.239737
2.648100,0.385296,-0.239648
2.649100,0.385056,-0.239559
2.650100,0.384816,-0.239470
2.651100,0.384577,-0.239382
2.652100,0.384338,-0.239293
2.653100,0.384098,-0.239204
2.654100,0.383859,-0.239115
2.655100,0.383620,-0.239026
2.656100,0.383381,-0.238938
2.657100,0.383142,-0.238849
2.658100,0.382904,-0.238760
2.659100,0.382665,-0.238671
2.660100,0.382426,-0.238582
2.661100,0.382188,-0.238493
2.662100,0.381949,-0.238404
2.663100,0.381711,-0.238315
2.664100,0.381473,-0.238227
2.665100,0.381234,-0.238138
2.666100,0.380996,-0.238049
2.667100,0.380758,-0.237960
2.668100,0.380520,-0.237871
2.669100,0.380283,-0.237782
2.670100,0.380045,-0.237693
2.671100,0.379807,-0.237604
2.672100,0.379570,-0.237515
2.673100,0.379332,-0.237426
2.674100,0.379095,-0.237337
2.675100,0.378857,-0.237248
2.676100,0.378620,-0.237159
2.677100,0.378383,-0.237070
2.678100,0.378146,-0.236981
2.679100,0.377909,-0.236892
2.680100,0.377672,-0.236803
2.681100,0.377436,-0.236714
2.682100,0.377199,-0.236625
2.683100,0.376962,-0.236536
2.684100,0.376726,-0.236447
2.685100,0.376489,-0.236358
2.686100,0.376253,-0.236269
2.687100,0.376017,-0.236180
2.688100,0.375781,-0.236091
2.689100,0.375545,-0.236002
2.690100,0.375309,-0.235913
2.691100,0.375073,-0.235824
2.692100,0.374837,-0.235735
2.693100,0.374601,-0.235646
2.694100,0.374366,-0.235557
2.695100,0.374130,-0.235468
2.696100,0.373895,-0.235379
2.697100,0.373660,-0.235290
2.698100,0.373424,-0.235201
2.699100,0.373189,-0.235112
2.700100,0.372954,-0.235023
2.701100,0.372719,-0.234934
2.702100,0.372484,-0.234845
2.703100,0.372249,-0.234756
2.704100,0.372015,-0.234666
2.705100,0.371780,-0.234577
2.706100,0.371546,-0.234488
2.707100,0.371311,-0.234399
2.708100,0.371077,-0.234310
2.709100,0.370842,-0.234221
2.710100,0.370608,-0.234132
2.711100,0.370374,-0.234043
2.712100,0.370140,-0.233954
2.713100,0.369906,-0.233865
2.714100,0.369672,-0.233775
2.715100,0.369439,-0.233686
2.716100,0.369205,-0.233597
2.717100,0.368972,-0.233508
2.718100,0.368738,-0.233419
2.719100,0.368505,-0.233330
2.720100,0.368271,-0.233241
2.721100,0.368038,-0.233152
2.722100,0.367805,-0.233062
2.723100,0.367572,-0.232973
2.724100,0.367339,-0.232884
2.725100,0.367106,-0.232795
2.726100,0.366874,-0.232706
2.727100,0.366641,-0.232617
2.728100,0.366408,-0.232528
2.729100,0.366176,-0.232438
2.730100,0.365943,-0.232349
2.731100,0.365711,-0.232260
2.732100,0.365479,-0.232171
2.733100,0.365247,-0.232082
2.734100,0.365015,-0.231993
2.735100,0.364783,-0.231904
2.736100,0.364551,-0.231814
2.737100,0.364319,-0.231725
2.738100,0.364088,-0.231636
2.739100,0.363856,-0.231547
2.740100,0.363624,-0.231458
2.741100,0.363393,-0.231369
2.742100,0.363162,-0.231280
2.743100,0.362930,-0.231190
2.744100,0.362699,-0.231101
2.745100,0.362468,-0.231012
2.746100,0.362237,-0.230923
2.747100,0.362006,-0.230834
2.748100,0.361776,-0.230745
2.749100,0.361545,-0.230656
2.750100,0.361314,-0.230566
2.751100,0.361084,-0.230477
2.752100,0.360853,-0.230388
2.753100,0.360623,-0.230299
2.754100,0.360393,-0.230210
2.755100,0.360163,-0.230121
2.756100,0.359933,-0.230032
2.757100,0.359703,-0.229942
2.758100,0.359473,-0.229853
2.759100,0.359243,-0.229764
2.760100,0.359013,-0.229675
2.761100,0.358784,-0.229586
2.762100,0.358554,-0.229497
2.763100,0.358325,-0.229408
2.764100,0.358095,-0.229318
2.765100,0.357866,-0.229229
2.766100,0.357637,-0.229140
2.767100,0.357408,-0.229051
2.768100,0.357179,-0.228962
2.769100,0.356950,-0.228873
2.770100,0.356721,-0.228784
2.771100,0.356492,-0.228695
2.772100,0.356263,-0.228605
2.773100,0.356035,-0.228516
2.774100,0.355806,-0.228427
2.775100,0.355578,-0.228338
2.776100,0.355350,-0.228249
2.777100,0.355122,-0.228160
2.778100,0.354893,-0.228071
2.779100,0.354665,-0.227982
2.780100,0.354437,-0.227893
2.781100,0.354210,-0.227804
2.782100,0.353982,-0.227714
2.783100,0.353754,-0.227625
2.784100,0.353527,-0.227536
2.785100,0.353299,-0.227447
2.786100,0.353072,-0.227358
2.787100,0.352844,-0.227269
2.788100,0.352617,-0.227180
2.789100,0.352390,-0.227091
2.790100,0.352163,-0.227002
2.791100,0.351936,-0.226913
2.792100,0.351709,-0.226824
2.793100,0.351482,-0.226735
2.794100,0.351256,-0.226646
2.795100,0.351029,-0.226557
2.796100,0.350803,-0.226467
2.797100,0.350576,-0.226378
2.798100,0.350350,-0.226289
2.799100,0.350124,-0.226200
2.800100,0.349897,-0.226111
2.801100,0.349671,-0.226022
2.802100,0.349445,-0.225933
2.803100,0.349219,-0.225844
2.804100,0.348994,-0.225755
2.805100,0.348768,-0.225666
2.806100,0.348542,-0.225577
2.807100,0.348317,-0.225488
2.808100,0.348091,-0.225399
2.809100,0.347866,-0.225310
2.810100,0.347641,-0.225221
2.811100,0.347416,-0.225132
2.812100,0.347190,-0.225043
2.813100,0.346965,-0.224954
2.814100,0.346741,-0.224865
2.815100,0.346516,-0.224776
2.816100,0.346291,-0.224688
2.817100,0.346066,-0.224599
2.818100,0.345842,-0.224510
2.819100,0.345617,-0.224421
2.820100,0.345393,-0.224332
2.821100,0.345169,-0.224243
2.822100,0.344945,-0.224154
2.823100,0.344720,-0.224065
2.824100,0.344496,-0.223976
2.825100,0.344272,-0.223887
2.826100,0.344049,-0.223798
2.827100,0.343825,-0.223709
2.828100,0.343601,-0.223621
2.829100,0.343378,-0.223532
2.830100,0.343154,-0.223443
2.831100,0.342931,-0.223354
2.832100,0.342707,-0.223265
2.833100,0.342484,-0.223176
2.834100,0.342261,-0.223087
2.835100,0.342038,-0.222999
2.836100,0.341815,-0.222910
2.837100,0.341592,-0.222821
2.838100,0.341369,-0.222732
2.839100,0.341147,-0.222643
2.840100,0.340924,-0.222554
2.841100,0.340702,-0.222466
2.842100,0.340479,-0.222377
2.843100,0.340257,-0.222288
2.844100,0.340035,-0.222199
2.845100,0.339812,-0.222110
2.846100,0.339590,-0.222022
2.847100,0.339368,-0.221933
2.848100,0.339147,-0.221844
2.849100,0.338925,-0.221755
2.850100,0.338703,-0.221667
2.851100,0.338481,-0.221578
2.852100,0.338260,-0.221489
2.853100,0.338038,-0.221401
2.854100,0.337817,-0.221312
2.855100,0.337596,-0.221223
2.856100,0.337375,-0.221134
2.857100,0.337154,-0.221046
2.858100,0.336933,-0.220957
2.859100,0.336712,-0.220868
2.860100,0.336491,-0.220780
2.861100,0.336270,-0.220691
2.862100,0.336049,-0.220603
2.863100,0.335829,-0.220514
2.864100,0.335608,-0.220425
2.865100,0.335388,-0.220337
2.866100,0.335168,-0.220248
2.867100,0.334948,-0.220159
2.868100,0.334727,-0.220071
2.869100,0.334507,-0.219982
2.870100,0.334287,-0.219894
2.871100,0.334068,-0.219805
2.872100,0.333848,-0.219717
2.873100,0.333628,-0.219628
2.874100,0.333409,-0.219540
2.875100,0.333189,-0.219451
2.876100,0.332970,-0.219362
2.877100,0.332750,-0.219274
2.878100,0.332531,-0.219185
2.879100,0.332312,-0.219097
2.880100,0.332093,-0.219008
2.881100,0.331874,-0.218920
2.882100,0.331655,-0.218832
2.883100,0.331436,-0.218743
2.884100,0.331218,-0.218655
2.885100,0.330999,-0.218566
2.886100,0.330780,-0.218478
2.887100,0.330562,-0.218389
2.888100,0.330344,-0.218301
2.889100,0.330125,-0.218213
2.890100,0.329907,-0.218124
2.891100,0.329689,-0.218036
2.892100,0.329471,-0.217947
2.893100,0.329253,-0.217859
2.894100,0.329035,-0.217771
2.895100,0.328818,-0.217682
2.896100,0.328600,-0.217594
2.897100,0.328383,-0.217506
2.898100,0.328165,-0.217418
2.899100,0.327948,-0.217329
2.900100,0.327730,-0.217241
2.901100,0.327513,-0.217153
2.902100,0.327296,-0.217064
2.903100,0.327079,-0.216976
2.904100,0.326862,-0.216888
2.905100,0.326645,-0.216800
2.906100,0.326429,-0.216711
2.907100,0.326212,-0.216623
2.908100,0.325995,-0.216535
2.909100,0.325779,-0.216447
2.910100,0.325562,-0.216359
2.911100,0.325346,-0.216271
2.912100,0.325130,-0.216182
2.913100,0.324914,-0.216094
2.914100,0.324698,-0.216006
2.915100,0.324482,-0.215918
2.916100,0.324266,-0.215830
2.917100,0.324050,-0.215742
2.918100,0.323834,-0.215654
2.919100,0.323619,-0.215566
2.920100,0.323403,-0.215478
2.921100,0.323188,-0.215390
2.922100,0.322972,-0.215302
2.923100,0.322757,-0.215213
2.924100,0.322542,-0.215125
2.925100,0.322327,-0.215037
2.926100,0.322112,-0.214949
2.927100,0.321897,-0.214862
2.928100,0.321682,-0.214774
2.929100,0.321468,-0.214686
2.930100,0.321253,-0.214598
2.931100,0.321038,-0.214510
2.932100,0.320824,-0.214422
2.933100,0.320609,-0.214334
2.934100,0.320395,-0.214246
2.935100,0.320181,-0.214158
2.936100,0.319967,-0.214070
2.937100,0.319753,-0.213982
2.938100,0.319539,-0.213895
2.939100,0.319325,-0.213807
2.940100,0.319111,-0.213719
2.941100,0.318898,-0.213631
2.942100,0.318684,-0.213543
2.943100,0.318471,-0.213456
2.944100,0.318257,-0.213368
2.945100,0.318044,-0.213280
2.946100,0.317831,-0.213192
2.947100,0.317617,-0.213105
2.948100,0.317404,-0.213017
2.949100,0.317191,-0.212929
2.950100,0.316978,-0.212842
2.951100,0.316766,-0.212754
2.952100,0.316553,-0.212666
2.953100,0.316340,-0.212579
2.954100,0.316128,-0.212491
2.955100,0.315915,-0.212403
2.956100,0.315703,-0.212316
2.957100,0.315491,-0.212228
2.958100,0.315279,-0.212141
2.959100,0.315066,-0.212053
2.960100,0.314854,-0.211965
2.961100,0.314643,-0.211878
2.962100,0.314431,-0.211790
2.963100,0.314219,-0.211703
2.964100,0.314007,-0.211615
2.965100,0.313796,-0.211528
2.966100,0.313584,-0.211440
2.967100,0.313373,-0.211353
2.968100,0.313162,-0.211266
2.969100,0.312950,-0.211178
2.970100,0.312739,-0.211091
2.971100,0.312528,-0.211003
2.972100,0.312317,-0.210916
2.973100,0.312106,-0.210829
2.974100,0.311896,-0.210741
2.975100,0.311685,-0.210654
2.976100,0.311474,-0.210567
2.977100,0.311264,-0.210479
2.978100,0.311053,-0.210392
2.979100,0.310843,-0.210305
2.980100,0.310633,-0.210217
2.981100,0.310422,-0.210130
2.982100,0.310212,-0.210043
2.983100,0.310002,-0.209956
2.984100,0.309792,-0.209869
2.985100,0.309583,-0.209781
2.986100,0.309373,-0.209694
2.987100,0.309163,-0.209607
2.988100,0.308954,-0.209520
2.989100,0.308744,-0.209433
2.990100,0.308535,-0.209346
2.991100,0.308326,-0.209259
2.992100,0.308116,-0.209171
2.993100,0.307907,-0.209084
2.994100,0.307698,-0.208997
2.995100,0.307489,-0.208910
2.996100,0.307280,-0.208823
2.997100,0.307072,-0.208736
2.998100,0.306863,-0.208649
2.999100,0.306654,-0.208562
3.000100,0.306446,-0.208475
3.001100,0.306237,-0.208388
3.002100,0.306029,-0.208302
3.003100,0.305821,-0.208215
3.004100,0.305613,-0.208128
3.005100,0.305404,-0.208041
3.006100,0.305196,-0.207954
3.007100,0.304989,-0.207867
3.008100,0.304781,-0.207780
3.009100,0.304573,-0.207694
3.010100,0.304365,-0.207607
3.011100,0.304158,-0.207520
3.012100,0.303950,-0.207433
3.013100,0.303743,-0.207346
3.014100,0.303536,-0.207260
3.015100,0.303328,-0.207173
3.016100,0.303121,-0.207086
3.017100,0.302914,-0.207000
3.018100,0.302707,-0.206913
3.019100,0.302500,-0.206826
3.020100,0.302294,-0.206740
3.021100,0.302087,-0.206653
3.022100,0.301880,-0.206566
3.023100,0.301674,-0.206480
3.024100,0.301467,-0.206393
3.025100,0.301261,-0.206307
3.026100,0.301055,-0.206220
3.027100,0.300849,-0.206134
3.028100,0.300642,-0.206047
3.029100,0.300436,-0.205961
3.030100,0.300231,-0.205874
3.031100,0.300025,-0.205788
3.032100,0.299819,-0.205701
3.033100,0.299613,-0.205615
3.034100,0.299408,-0.205529
3.035100,0.299202,-0.205442
3.036100,0.298997,-0.205356
3.037100,0.298792,-0.205270
3.038100,0.298586,-0.205183
3.039100,0.298381,-0.205097
3.040100,0.298176,-0.205011
3.041100,0.297971,-0.204924
3.042100,0.297766,-0.204838
3.043100,0.297561,-0.204752
3.044100,0.297357,-0.204666
3.045100,0.297152,-0.204580
3.046100,0.296948,-0.204493
3.047100,0.296743,-0.204407
3.048100,0.296539,-0.204321
3.049100,0.296334,-0.204235
3.050100,0.296130,-0.204149
3.051100,0.295926,-0.204063
3.052100,0.295722,-0.203977
3.053100,0.295518,-0.203891
3.054100,0.295314,-0.203805
3.055100,0.295111,-0.203719
3.056100,0.294907,-0.203633
3.057100,0.294703,-0.203547
3.058100,0.294500,-0.203461
3.059100,0.294296,-0.203375
3.060100,0.294093,-0.203289
3.061100,0.293890,-0.203203
3.062100,0.293687,-0.203117
3.063100,0.293484,-0.203031
3.064100,0.293281,-0.202945
3.065100,0.293078,-0.202859
3.066100,0.292875,-0.202774
3.067100,0.292672,-0.202688
3.068100,0.292470,-0.202602
3.069100,0.292267,-0.202516
3.070100,0.292065,-0.202430
3.071100,0.291862,-0.202345
3.072100,0.291660,-0.202259
3.073100,0.291458,-0.202173
3.074100,0.291255,-0.202088
3.075100,0.291053,-0.202002
3.076100,0.290851,-0.201916
3.077100,0.290650,-0.201831
3.078100,0.290448,-0.201745
3.079100,0.290246,-0.201660
3.080100,0.290044,-0.201574
3.081100,0.289843,-0.201489
3.082100,0.289642,-0.201403
3.083100,0.289440,-0.201318
3.084100,0.289239,-0.201232
3.085100,0.289038,-0.201147
3.086100,0.288837,-0.201061
3.087100,0.288636,-0.200976
3.088100,0.288435,-0.200890
3.089100,0.288234,-0.200805
3.090100,0.288033,-0.200720
3.091100,0.287832,-0.200634
3.092100,0.287632,-0.200549
3.093100,0.287431,-0.200464
3.094100,0.287231,-0.200378
3.095100,0.287030,-0.200293
3.096100,0.286830,-0.200208
3.097100,0.286630,-0.200123
3.098100,0.286430,-0.200038
3.099100,0.286230,-0.199952
3.100100,0.286030,-0.199867
3.101100,0.285830,-0.199782
3.102100,0.285631,-0.199697
3.103100,0.285431,-0.199612
3.104100,0.285231,-0.199527
3.105100,0.285032,-0.199442
3.106100,0.284832,-0.199357
3.107100,0.284633,-0.199272
3.108100,0.284434,-0.199187
3.109100,0.284235,-0.199102
3.110100,0.284036,-0.199017
3.111100,0.283837,-0.198932
3.112100,0.283638,-0.198847
3.113100,0.283439,-0.198762
3.114100,0.283240,-0.198677
3.115100,0.283042,-0.198592
3.116100,0.282843,-0.198508
3.117100,0.282645,-0.198423
3.118100,0.282446,-0.198338
3.119100,0.282248,-0.198253
3.120100,0.282050,-0.198168
3.121100,0.281852,-0.198084
3.122100,0.281654,-0.197999
3.123100,0.281456,-0.197914
3.124100,0.281258,-0.197830
3.125100,0.281060,-0.197745
3.126100,0.280862,-0.197660
3.127100,0.280665,-0.197576
3.128100,0.280467,-0.197491
3.129100,0.280270,-0.197407
3.130100,0.280072,-0.197322
3.131100,0.279875,-0.197238
3.132100,0.279678,-0.197153
3.133100,0.279481,-0.197069
3.134100,0.279284,-0.196984
3.135100,0.279087,-0.196900
3.136100,0.278890,-0.196815
3.137100,0.278693,-0.196731
3.138100,0.278496,-0.196647
3.139100,0.278300,-0.196562
3.140100,0.278103,-0.196478
3.141100,0.277907,-0.196394
3.142100,0.277711,-0.196309
3.143100,0.277514,-0.196225
3.144100,0.277318,-0.196141
3.145100,0.277122,-0.196057
3.146100,0.276926,-0.195972
3.147100,0.276730,-0.195888
3.148100,0.276534,-0.195804
3.149100,0.276338,-0.195720
3.150100,0.276143,-0.195636
3.151100,0.275947,-0.195552
3.152100,0.275752,-0.195468
3.153100,0.275556,-0.195384
3.154100,0.275361,-0.195300
3.155100,0.275166,-0.195216
3.156100,0.274970,-0.195132
3.157100,0.274775,-0.195048
3.158100,0.274580,-0.194964
3.159100,0.274385,-0.194880
3.160100,0.274191,-0.194796
3.161100,0.273996,-0.194712
3.162100,0.273801,-0.194628
3.163100,0.273607,-0.194544
3.164100,0.273412,-0.194461
3.165100,0.273218,-0.194377
3.166100,0.273023,-0.194293
3.167100,0.272829,-0.194209
3.168100,0.272635,-0.194126
3.169100,0.272441,-0.194042
3.170100,0.272247,-0.193958
3.171100,0.272053,-0.193875
3.172100,0.271859,-0.193791
3.173100,0.271665,-0.193707
3.174100,0.271472,-0.193624
3.175100,0.271278,-0.193540
3.176100,0.271085,-0.193457
3.177100,0.270891,-0.193373
3.178100,0.270698,-0.193290
3.179100,0.270505,-0.193206
3.180100,0.270311,-0.193123
3.181100,0.270118,-0.193039
3.182100,0.269925,-0.192956
3.183100,0.269732,-0.192873
3.184100,0.269540,-0.192789
3.185100,0.269347,-0.192706
3.186100,0.269154,-0.192623
3.187100,0.268962,-0.192539
3.188100,0.268769,-0.192456
3.189100,0.268577,-0.192373
3.190100,0.268384,-0.192290
3.191100,0.268192,-0.192206
3.192100,0.268000,-0.192123
3.193100,0.267808,-0.192040
3.194100,0.267616,-0.191957
3.195100,0.267424,-0.191874
3.196100,0.267232,-0.191791
3.197100,0.267040,-0.191708
3.198100,0.266849,-0.191625
3.199100,0.266657,-0.191542
3.200100,0.266466,-0.191459
3.201100,0.266274,-0.191376
3.202100,0.266083,-0.191293
3.203100,0.265892,-0.191210
3.204100,0.265700,-0.191127
3.205100,0.265509,-0.191044
3.206100,0.265318,-0.190961
3.207100,0.265127,-0.190879
3.208100,0.264937,-0.190796
3.209100,0.264746,-0.190713
3.210100,0.264555,-0.190630
3.211100,0.264365,-0.190548
3.212100,0.264174,-0.190465
3.213100,0.263984,-0.190382
3.214100,0.263793,-0.190300
3.215100,0.263603,-0.190217
3.216100,0.263413,-0.190134
3.217100,0.263223,-0.190052
3.218100,0.263033,-0.189969
3.219100,0.262843,-0.189887
3.220100,0.262653,-0.189804
3.221100,0.262463,-0.189722
3.222100,0.262274,-0.189639
3.223100,0.262084,-0.189557
3.224100,0.261894,-0.189474
3.225100,0.261705,-0.189392
3.226100,0.261516,-0.189310
3.227100,0.261326,-0.189227
3.228100,0.261137,-0.189145
3.229100,0.260948,-0.189063
3.230100,0.260759,-0.188980
3.231100,0.260570,-0.188898
3.232100,0.260381,-0.188816
3.233100,0.260193,-0.188734
3.234100,0.260004,-0.188652
3.235100,0.259815,-0.188569
3.236100,0.259627,-0.188487
3.237100,0.259438,-0.188405
3.238100,0.259250,-0.188323
3.239100,0.259062,-0.188241
3.240100,0.258873,-0.188159
3.241100,0.258685,-0.188077
3.242100,0.258497,-0.187995
3.243100,0.258309,-0.187913
3.244100,0.258121,-0.187831
3.245100,0.257934,-0.187749
3.246100,0.257746,-0.187667
3.247100,0.257558,-0.187586
3.248100,0.257371,-0.187504
3.249100,0.257183,-0.187422
3.250100,0.256996,-0.187340
3.251100,0.256809,-0.187258
3.252100,0.256621,-0.187177
3.253100,0.256434,-0.187095
3.254100,0.256247,-0.187013
3.255100,0.256060,-0.186932
3.256100,0.255873,-0.186850
3.257100,0.255687,-0.186768
3.258100,0.255500,-0.186687
3.259100,0.255313,-0.186605
3.260100,0.255127,-0.186524
3.261100,0.254940,-0.186442
3.262100,0.254754,-0.186361
3.263100,0.254567,-0.186279
3.264100,0.254381,-0.186198
3.265100,0.254195,-0.186116
3.266100,0.254009,-0.186035
3.267100,0.253823,-0.185954
3.268100,0.253637,-0.185872
3.269100,0.253451,-0.185791
3.270100,0.253265,-0.185710
3.271100,0.253080,-0.185629
3.272100,0.252894,-0.185547
3.273100,0.252709,-0.185466
3.274100,0.252523,-0.185385
3.275100,0.252338,-0.185304
3.276100,0.252153,-0.185223
3.277100,0.251967,-0.185142
3.278100,0.251782,-0.185061
3.279100,0.251597,-0.184979
3.280100,0.251412,-0.184898
3.281100,0.251228,-0.184817
3.282100,0.251043,-0.184736
3.283100,0.250858,-0.184656
3.284100,0.250673,-0.184575
3.285100,0.250489,-0.184494
3.286100,0.250304,-0.184413
3.287100,0.250120,-0.184332
3.288100,0.249936,-0.184251
3.289100,0.249752,-0.184170
3.290100,0.249567,-0.184090
3.291100,0.249383,-0.184009
3.292100,0.249199,-0.183928
3.293100,0.249016,-0.183847
3.294100,0.248832,-0.183767
3.295100,0.248648,-0.183686
3.296100,0.248464,-0.183606
3.297100,0.248281,-0.183525
3.298100,0.248097,-0.183444
3.299100,0.247914,-0.183364
3.300100,0.247731,-0.183283
3.301100,0.247547,-0.183203
3.302100,0.247364,-0.183122
3.303100,0.247181,-0.183042
3.304100,0.246998,-0.182962
3.305100,0.246815,-0.182881
3.306100,0.246632,-0.182801
3.307100,0.246450,-0.182721
3.308100,0.246267,-0.182640
3.309100,0.246084,-0.182560
3.310100,0.245902,-0.182480
3.311100,0.245719,-0.182399
3.312100,0.245537,-0.182319
3.313100,0.245355,-0.182239
3.314100,0.245172,-0.182159
3.315100,0.244990,-0.182079
3.316100,0.244808,-0.181999
3.317100,0.244626,-0.181919
3.318100,0.244444,-0.181839
3.319100,0.244263,-0.181759
3.320100,0.244081,-0.181679
3.321100,0.243899,-0.181599
3.322100,0.243718,-0.181519
3.323100,0.243536,-0.181439
3.324100,0.243355,-0.181359
3.325100,0.243174,-0.181279
3.326100,0.242992,-0.181199
3.327100,0.242811,-0.181119
3.328100,0.242630,-0.181040
3.329100,0.242449,-0.180960
3.330100,0.242268,-0.180880
3.331100,0.242087,-0.180800
3.332100,0.241907,-0.180721
3.333100,0.241726,-0.180641
3.334100,0.241545,-0.180562
3.335100,0.241365,-0.180482
3.336100,0.241184,-0.180402
3.337100,0.241004,-0.180323
3.338100,0.240824,-0.180243
3.339100,0.240643,-0.180164
3.340100,0.240463,-0.180084
3.341100,0.240283,-0.180005
3.342100,0.240103,-0.179926
3.343100,0.239923,-0.179846
3.344100,0.239744,-0.179767
3.345100,0.239564,-0.179687
3.346100,0.239384,-0.179608
3.347100,0.239205,-0.179529
3.348100,0.239025,-0.179450
3.349100,0.238846,-0.179370
3.350100,0.238666,-0.179291
3.351100,0.238487,-0.179212
3.352100,0.238308,-0.179133
3.353100,0.238129,-0.179054
3.354100,0.237950,-0.178975
3.355100,0.237771,-0.178896
3.356100,0.237592,-0.178817
3.357100,0.237413,-0.178738
3.358100,0.237235,-0.178659
3.359100,0.237056,-0.178580
3.360100,0.236878,-0.178501
3.361100,0.236699,-0.178422
3.362100,0.236521,-0.178343
3.363100,0.236342,-0.178264
3.364100,0.236164,-0.178185
3.365100,0.235986,-0.178107
3.366100,0.235808,-0.178028
3.367100,0.235630,-0.177949
3.368100,0.235452,-0.177870
3.369100,0.235274,-0.177792
3.370100,0.235096,-0.177713
3.371100,0.234919,-0.177635
3.372100,0.234741,-0.177556
3.373100,0.234564,-0.177477
3.374100,0.234386,-0.177399
3.375100,0.234209,-0.177320
3.376100,0.234032,-0.177242
3.377100,0.233854,-0.177163
3.378100,0.233677,-0.177085
3.379100,0.233500,-0.177007
3.380100,0.233323,-0.176928
3.381100,0.233146,-0.176850
3.382100,0.232970,-0.176772
3.383100,0.232793,-0.176693
3.384100,0.232616,-0.176615
3.385100,0.232440,-0.176537
3.386100,0.232263,-0.176458
3.387100,0.232087,-0.176380
3.388100,0.231910,-0.176302
3.389100,0.231734,-0.176224
3.390100,0.231558,-0.176146
3.391100,0.231382,-0.176068
3.392100,0.231206,-0.175990
3.393100,0.231030,-0.175912
3.394100,0.230854,-0.175834
3.395100,0.230678,-0.175756
3.396100,0.230502,-0.175678
3.397100,0.230327,-0.175600
3.398100,0.230151,-0.175522
3.399100,0.229976,-0.175444
3.400100,0.229800,-0.175366
3.401100,0.229625,-0.175289
3.402100,0.229450,-0.175211
3.403100,0.229275,-0.175133
3.404100,0.229099,-0.175055
3.405100,0.228924,-0.174978
3.406100,0.228750,-0.174900
3.407100,0.228575,-0.174822
3.408100,0.228400,-0.174745
3.409100,0.228225,-0.174667
3.410100,0.228051,-0.174590
3.411100,0.227876,-0.174512
3.412100,0.227702,-0.174435
3.413100,0.227527,-0.174357
3.414100,0.227353,-0.174280
3.415100,0.227179,-0.174202
3.416100,0.227004,-0.174125
3.417100,0.226830,-0.174048
3.418100,0.226656,-0.173970
3.419100,0.226482,-0.173893
3.420100,0.226309,-0.173816
3.421100,0.226135,-0.173739
3.422100,0.225961,-0.173661
3.423100,0.225787,-0.173584
3.424100,0.225614,-0.173507
3.425100,0.225440,-0.173430
3.426100,0.225267,-0.173353
3.427100,0.225094,-0.173276
3.428100,0.224920,-0.173199
3.429100,0.224747,-0.173122
3.430100,0.224574,-0.173045
3.431100,0.224401,-0.172968
3.432100,0.224228,-0.172891
3.433100,0.224055,-0.172814
3.434100,0.223883,-0.172737
3.435100,0.223710,-0.172660
3.436100,0.223537,-0.172583
3.437100,0.223365,-0.172507
3.438100,0.223192,-0.172430
3.439100,0.223020,-0.172353
3.440100,0.222848,-0.172277
3.441100,0.222675,-0.172200
3.442100,0.222503,-0.172123
3.443100,0.222331,-0.172047
3.444100,0.222159,-0.171970
3.445100,0.221987,-0.171893
3.446100,0.221815,-0.171817
3.447100,0.221644,-0.171740
3.448100,0.221472,-0.171664
3.449100,0.221300,-0.171587
3.450100,0.221129,-0.171511
3.451100,0.220957,-0.171435
3.452100,0.220786,-0.171358
3.453100,0.220614,-0.171282
3.454100,0.220443,-0.171206
3.455100,0.220272,-0.171129
3.456100,0.220101,-0.171053
3.457100,0.219930,-0.170977
3.458100,0.219759,-0.170901
3.459100,0.219588,-0.170825
3.460100,0.219417,-0.170748
3.461100,0.219247,-0.170672
3.462100,0.219076,-0.170596
3.463100,0.218905,-0.170520
3.464100,0.218735,-0.170444
3.465100,0.218565,-0.170368
3.466100,0.218394,-0.170292
3.467100,0.218224,-0.170216
3.468100,0.218054,-0.170140
3.469100,0.217884,-0.170065
3.470100,0.217714,-0.169989
3.471100,0.217544,-0.169913
3.472100,0.217374,-0.169837
3.473100,0.217204,-0.169761
3.474100,0.217034,-0.169686
3.475100,0.216865,-0.169610
3.476100,0.216695,-0.169534
3.477100,0.216526,-0.169459
3.478100,0.216356,-0.169383
3.479100,0.216187,-0.169307
3.480100,0.216018,-0.169232
3.481100,0.215848,-0.169156
3.482100,0.215679,-0.169081
3.483100,0.215510,-0.169005
3.484100,0.215341,-0.168930
3.485100,0.215172,-0.168855
3.486100,0.215004,-0.168779
3.487100,0.214835,-0.168704
3.488100,0.214666,-0.168629
3.489100,0.214498,-0.168553
3.490100,0.214329,-0.168478
3.491100,0.214161,-0.168403
3.492100,0.213992,-0.168328
3.493100,0.213824,-0.168252
3.494100,0.213656,-0.168177
3.495100,0.213488,-0.168102
3.496100,0.213320,-0.168027
3.497100,0.213152,-0.167952
3.498100,0.212984,-0.167877
3.499100,0.212816,-0.167802
3.500100,0.212648,-0.167727
3.501100,0.212480,-0.167652
3.502100,0.212313,-0.167577
3.503100,0.212145,-0.167502
3.504100,0.211978,-0.167427
3.505100,0.211810,-0.167352
3.506100,0.211643,-0.167278
3.507100,0.211476,-0.167203
3.508100,0.211309,-0.167128
3.509100,0.211142,-0.167053
3.510100,0.210974,-0.166979
3.511100,0.210808,-0.166904
3.512100,0.210641,-0.166829
3.513100,0.210474,-0.166755
3.514100,0.210307,-0.166680
3.515100,0.210141,-0.166606
3.516100,0.209974,-0.166531
3.517100,0.209807,-0.166457
3.518100,0.209641,-0.166382
3.519100,0.209475,-0.166308
3.520100,0.209308,-0.166233
3.521100,0.209142,-0.166159
3.522100,0.208976,-0.166085
3.523100,0.208810,-0.166010
3.524100,0.208644,-0.165936
3.525100,0.208478,-0.165862
3.526100,0.208312,-0.165788
3.527100,0.208147,-0.165714
3.528100,0.207981,-0.165639
3.529100,0.207815,-0.165565
3.530100,0.207650,-0.165491
3.531100,0.207484,-0.165417
3.532100,0.207319,-0.165343
3.533100,0.207154,-0.165269
3.534100,0.206988,-0.165195
3.535100,0.206823,-0.165121
3.536100,0.206658,-0.165047
3.537100,0.206493,-0.164973
3.538100,0.206328,-0.164899
3.539100,0.206163,-0.164826
3.540100,0.205999,-0.164752
3.541100,0.205834,-0.164678
3.542100,0.205669,-0.164604
3.543100,0.205505,-0.164531
3.544100,0.205340,-0.164457
3.545100,0.205176,-0.164383
3.546100,0.205011,-0.164310
3.547100,0.204847,-0.164236
3.548100,0.204683,-0.164162
3.549100,0.204519,-0.164089
3.550100,0.204355,-0.164015
3.551100,0.204191,-0.163942
3.552100,0.204027,-0.163868
3.553100,0.203863,-0.163795
3.554100,0.203699,-0.163722
3.555100,0.203536,-0.163648
3.556100,0.203372,-0.163575
3.557100,0.203208,-0.163502
3.558100,0.203045,-0.163428
3.559100,0.202882,-0.163355
3.560100,0.202718,-0.163282
3.561100,0.202555,-0.163209
3.562100,0.202392,-0.163136
3.563100,0.202229,-0.163062
3.564100,0.202066,-0.162989
3.565100,0.201903,-0.162916
3.566100,0.201740,-0.162843
3.567100,0.201577,-0.162770
3.568100,0.201414,-0.162697
3.569100,0.201252,-0.162624
3.570100,0.201089,-0.162551
3.571100,0.200927,-0.162478
3.572100,0.200764,-0.162406
3.573100,0.200602,-0.162333
3.574100,0.200439,-0.162260
3.575100,0.200277,-0.162187
3.576100,0.200115,-0.162114
3.577100,0.199953,-0.162042
3.578100,0.199791,-0.161969
3.579100,0.199629,-0.161896
3.580100,0.199467,-0.161824
3.581100,0.199305,-0.161751
3.582100,0.199144,-0.161679
3.583100,0.198982,-0.161606
3.584100,0.198821,-0.161534
3.585100,0.198659,-0.161461
3.586100,0.198498,-0.161389
3.587100,0.198336,-0.161316
3.588100,0.198175,-0.161244
3.589100,0.198014,-0.161172
3.590100,0.197853,-0.161099
3.591100,0.197692,-0.161027
3.592100,0.197531,-0.160955
3.593100,0.197370,-0.160882
3.594100,0.197209,-0.160810
3.595100,0.197048,-0.160738
3.596100,0.196887,-0.160666
3.597100,0.196727,-0.160594
3.598100,0.196566,-0.160522
3.599100,0.196406,-0.160450
3.600100,0.196245,-0.160378
3.601100,0.196085,-0.160306
3.602100,0.195925,-0.160234
3.603100,0.195764,-0.160162
3.604100,0.195604,-0.160090
3.605100,0.195444,-0.160018
3.606100,0.195284,-0.159946
3.607100,0.195124,-0.159874
3.608100,0.194965,-0.159802
3.609100,0.194805,-0.159731
3.610100,0.194645,-0.159659
3.611100,0.194485,-0.159587
3.612100,0.194326,-0.159516
3.613100,0.194166,-0.159444
3.614100,0.194007,-0.159372
3.615100,0.193848,-0.159301
3.616100,0.193688,-0.159229
3.617100,0.193529,-0.159158
3.618100,0.193370,-0.159086
3.619100,0.193211,-0.159015
3.620100,0.193052,-0.158943
3.621100,0.192893,-0.158872
3.622100,0.192734,-0.158801
3.623100,0.192576,-0.158729
3.624100,0.192417,-0.158658
3.625100,0.192258,-0.158587
3.626100,0.192100,-0.158515
3.627100,0.191941,-0.158444
3.628100,0.191783,-0.158373
3.629100,0.191624,-0.158302
3.630100,0.191466,-0.158231
3.631100,0.191308,-0.158160
3.632100,0.191150,-0.158089
3.633100,0.190992,-0.158018
3.634100,0.190834,-0.157947
3.635100,0.190676,-0.157876
3.636100,0.190518,-0.157805
3.637100,0.190360,-0.157734
3.638100,0.190203,-0.157663
3.639100,0.190045,-0.157592
3.640100,0.189887,-0.157521
3.641100,0.189730,-0.157450
3.642100,0.189573,-0.157380
3.643100,0.189415,-0.157309
3.644100,0.189258,-0.157238
3.645100,0.189101,-0.157167
3.646100,0.188944,-0.157097
3.647100,0.188787,-0.157026
3.648100,0.188630,-0.156956
3.649100,0.188473,-0.156885
3.650100,0.188316,-0.156815
3.651100,0.188159,-0.156744
3.652100,0.188002,-0.156674
3.653100,0.187846,-0.156603
3.654100,0.187689,-0.156533
3.655100,0.187533,-0.156462
3.656100,0.187376,-0.156392
3.657100,0.187220,-0.156322
3.658100,0.187063,-0.156251
3.659100,0.186907,-0.156181
3.660100,0.186751,-0.156111
3.661100,0.186595,-0.156041
3.662100,0.186439,-0.155971
3.663100,0.186283,-0.155900
3.664100,0.186127,-0.155830
3.665100,0.185971,-0.155760
3.666100,0.185816,-0.155690
3.667100,0.185660,-0.155620
3.668100,0.185504,-0.155550
3.669100,0.185349,-0.155480
3.670100,0.185194,-0.155410
3.671100,0.185038,-0.155340
3.672100,0.184883,-0.155271
3.673100,0.184728,-0.155201
3.674100,0.184572,-0.155131
3.675100,0.184417,-0.155061
3.676100,0.184262,-0.154991
3.677100,0.184107,-0.154922
3.678100,0.183952,-0.154852
3.679100,0.183798,-0.154782
3.680100,0.183643,-0.154713
3.681100,0.183488,-0.154643
3.682100,0.183334,-0.154574
3.683100,0.183179,-0.154504
3.684100,0.183025,-0.154435
3.685100,0.182870,-0.154365
3.686100,0.182716,-0.154296
3.687100,0.182562,-0.154226
3.688100,0.182407,-0.154157
3.689100,0.182253,-0.154088
3.690100,0.182099,-0.154018
3.691100,0.181945,-0.153949
3.692100,0.181791,-0.153880
3.693100,0.181638,-0.153810
3.694100,0.181484,-0.153741
3.695100,0.181330,-0.153672
3.696100,0.181176,-0.153603
3.697100,0.181023,-0.153534
3.698100,0.180869,-0.153465
3.699100,0.180716,-0.153396
3.700100,0.180563,-0.153327
3.701100,0.180409,-0.153258
3.702100,0.180256,-0.153189
3.703100,0.180103,-0.153120
3.704100,0.179950,-0.153051
3.705100,0.179797,-0.152982
3.706100,0.179644,-0.152913
3.707100,0.179491,-0.152844
3.708100,0.179338,-0.152776
3.709100,0.179185,-0.152707
3.710100,0.179033,-0.152638
3.711100,0.178880,-0.152570
3.712100,0.178728,-0.152501
3.713100,0.178575,-0.152432
3.714100,0.178423,-0.152364
3.715100,0.178270,-0.152295
3.716100,0.178118,-0.152227
3.717100,0.177966,-0.152158
3.718100,0.177814,-0.152090
3.719100,0.177662,-0.152021
3.720100,0.177510,-0.151953
3.721100,0.177358,-0.151884
3.722100,0.177206,-0.151816
3.723100,0.177054,-0.151748
3.724100,0.176903,-0.151679
3.725100,0.176751,-0.151611
3.726100,0.176599,-0.151543
3.727100,0.176448,-0.151475
3.728100,0.176296,-0.151407
3.729100,0.176145,-0.151338
3.730100,0.175994,-0.151270
3.731100,0.175842,-0.151202
3.732100,0.175691,-0.151134
3.733100,0.175540,-0.151066
3.734100,0.175389,-0.150998
3.735100,0.175238,-0.150930
3.736100,0.175087,-0.150862
3.737100,0.174936,-0.150794
3.738100,0.174786,-0.150727
3.739100,0.174635,-0.150659
3.740100,0.174484,-0.150591
3.741100,0.174334,-0.150523
3.742100,0.174183,-0.150455
3.743100,0.174033,-0.150388
3.744100,0.173883,-0.150320
3.745100,0.173732,-0.150252
3.746100,0.173582,-0.150185
3.747100,0.173432,-0.150117
3.748100,0.173282,-0.150050
3.749100,0.173132,-0.149982
3.750100,0.172982,-0.149915
3.751100,0.172832,-0.149847
3.752100,0.172682,-0.149780
3.753100,0.172532,-0.149712
3.754100,0.172383,-0.149645
3.755100,0.172233,-0.149577
3.756100,0.172084,-0.149510
3.757100,0.171934,-0.149443
3.758100,0.171785,-0.149376
3.759100,0.171635,-0.149308
3.760100,0.171486,-0.149241
3.761100,0.171337,-0.149174
3.762100,0.171188,-0.149107
3.763100,0.171039,-0.149040
3.764100,0.170890,-0.148973
3.765100,0.170741,-0.148906
3.766100,0.170592,-0.148839
3.767100,0.170443,-0.148772
3.768100,0.170294,-0.148705
3.769100,0.170146,-0.148638
3.770100,0.169997,-0.148571
3.771100,0.169848,-0.148504
3.772100,0.169700,-0.148437
3.773100,0.169552,-0.148370
3.774100,0.169403,-0.148304
3.775100,0.169255,-0.148237
3.776100,0.169107,-0.148170
3.777100,0.168959,-0.148103
3.778100,0.168811,-0.148037
3.779100,0.168663,-0.147970
3.780100,0.168515,-0.147904
3.781100,0.168367,-0.147837
3.782100,0.168219,-0.147771
3.783100,0.168071,-0.147704
3.784100,0.167924,-0.147638
3.785100,0.167776,-0.147571
3.786100,0.167628,-0.147505
3.787100,0.167481,-0.147438
3.788100,0.167334,-0.147372
3.789100,0.167186,-0.147306
3.790100,0.167039,-0.147239
3.791100,0.166892,-0.147173
3.792100,0.166745,-0.147107
3.793100,0.166597,-0.147041
3.794100,0.166450,-0.146975
3.795100,0.166304,-0.146908
3.796100,0.166157,-0.146842
3.797100,0.166010,-0.146776
3.798100,0.165863,-0.146710
3.799100,0.165716,-0.146644
3.800100,0.165570,-0.146578
3.801100,0.165423,-0.146512
3.802100,0.165277,-0.146446
3.803100,0.165130,-0.146380
3.804100,0.164984,-0.146315
3.805100,0.164838,-0.146249
3.806100,0.164692,-0.146183
3.807100,0.164545,-0.146117
3.808100,0.164399,-0.146051
3.809100,0.164253,-0.145986
3.810100,0.164107,-0.145920
3.811100,0.163961,-0.145854
3.812100,0.163816,-0.145789
3.813100,0.163670,-0.145723
3.814100,0.163524,-0.145658
3.815100,0.163379,-0.145592
3.816100,0.163233,-0.145527
3.817100,0.163088,-0.145461
3.818100,0.162942,-0.145396
3.819100,0.162797,-0.145330
3.820100,0.162651,-0.145265
3.821100,0.162506,-0.145199
3.822100,0.162361,-0.145134
3.823100,0.162216,-0.145069
3.824100,0.162071,-0.145004
3.825100,0.161926,-0.144938
3.826100,0.161781,-0.144873
3.827100,0.161636,-0.144808
3.828100,0.161491,-0.144743
3.829100,0.161347,-0.144678
3.830100,0.161202,-0.144613
3.831100,0.161057,-0.144548
3.832100,0.160913,-0.144483
3.833100,0.160768,-0.144418
3.834100,0.160624,-0.144353
3.835100,0.160480,-0.144288
3.836100,0.160336,-0.144223
3.837100,0.160191,-0.144158
3.838100,0.160047,-0.144093
3.839100,0.159903,-0.144028
3.840100,0.159759,-0.143964
3.841100,0.159615,-0.143899
3.842100,0.159471,-0.143834
3.843100,0.159328,-0.143769
3.844100,0.159184,-0.143705
3.845100,0.159040,-0.143640
3.846100,0.158897,-0.143576
3.847100,0.158753,-0.143511
3.848100,0.158610,-0.143447
3.849100,0.158466,-0.143382
3.850100,0.158323,-0.143318
3.851100,0.158179,-0.143253
3.852100,0.158036,-0.143189
3.853100,0.157893,-0.143124
3.854100,0.157750,-0.143060
3.855100,0.157607,-0.142996
3.856100,0.157464,-0.142931
3.857100,0.157321,-0.142867
3.858100,0.157178,-0.142803
3.859100,0.157036,-0.142739
3.860100,0.156893,-0.142674
3.861100,0.156750,-0.142610
3.862100,0.156608,-0.142546
3.863100,0.156465,-0.142482
3.864100,0.156323,-0.142418
3.865100,0.156180,-0.142354
3.866100,0.156038,-0.142290
3.867100,0.155896,-0.142226
3.868100,0.155753,-0.142162
3.869100,0.155611,-0.142098
3.870100,0.155469,-0.142034
3.871100,0.155327,-0.141971
3.872100,0.155185,-0.141907
3.873100,0.155043,-0.141843
3.874100,0.154902,-0.141779
3.875100,0.154760,-0.141716
3.876100,0.154618,-0.141652
3.877100,0.154477,-0.141588
3.878100,0.154335,-0.141525
3.879100,0.154194,-0.141461
3.880100,0.154052,-0.141397
3.881100,0.153911,-0.141334
3.882100,0.153769,-0.141270
3.883100,0.153628,-0.141207
3.884100,0.153487,-0.141143
3.885100,0.153346,-0.141080
3.886100,0.153205,-0.141017
3.887100,0.153064,-0.140953
3.888100,0.152923,-0.140890
3.889100,0.152782,-0.140827
3.890100,0.152641,-0.140763
3.891100,0.152501,-0.140700
3.892100,0.152360,-0.140637
3.893100,0.152219,-0.140574
3.894100,0.152079,-0.140511
3.895100,0.151938,-0.140448
3.896100,0.151798,-0.140385
3.897100,0.151657,-0.140321
3.898100,0.151517,-0.140258
3.899100,0.151377,-0.140195
3.900100,0.151237,-0.140132
3.901100,0.151097,-0.140070
3.902100,0.150957,-0.140007
3.903100,0.150817,-0.139944
3.904100,0.150677,-0.139881
3.905100,0.150537,-0.139818
3.906100,0.150397,-0.139755
3.907100,0.150257,-0.139693
3.908100,0.150118,-0.139630
3.909100,0.149978,-0.139567
3.910100,0.149839,-0.139505
3.911100,0.149699,-0.139442
3.912100,0.149560,-0.139379
3.913100,0.149420,-0.139317
3.914100,0.149281,-0.139254
3.915100,0.149142,-0.139192
3.916100,0.149003,-0.139129
3.917100,0.148864,-0.139067
3.918100,0.148725,-0.139004
3.919100,0.148586,-0.138942
3.920100,0.148447,-0.138880
3.921100,0.148308,-0.138817
3.922100,0.148169,-0.138755
3.923100,0.148030,-0.138693
3.924100,0.147892,-0.138630
3.925100,0.147753,-0.138568
3.926100,0.147615,-0.138506
3.927100,0.147476,-0.138444
3.928100,0.147338,-0.138382
3.929100,0.147199,-0.138320
3.930100,0.147061,-0.138258
3.931100,0.146923,-0.138196
3.932100,0.146785,-0.138134
3.933100,0.146647,-0.138072
3.934100,0.146508,-0.138010
3.935100,0.146371,-0.137948
3.936100,0.146233,-0.137886
3.937100,0.146095,-0.137824
3.938100,0.145957,-0.137762
3.939100,0.145819,-0.137700
3.940100,0.145682,-0.137639
3.941100,0.145544,-0.137577
3.942100,0.145406,-0.137515
3.943100,0.145269,-0.137454
3.944100,0.145131,-0.137392
3.945100,0.144994,-0.137330
3.946100,0.144857,-0.137269
3.947100,0.144720,-0.137207
3.948100,0.144582,-0.137146
3.949100,0.144445,-0.137084
3.950100,0.144308,-0.137023
3.951100,0.144171,-0.136961
3.952100,0.144034,-0.136900
3.953100,0.143897,-0.136838
3.954100,0.143761,-0.136777
3.955100,0.143624,-0.136716
3.956100,0.143487,-0.136654
3.957100,0.143351,-0.136593
3.958100,0.143214,-0.136532
3.959100,0.143078,-0.136471
3.960100,0.142941,-0.136410
3.961100,0.142805,-0.136349
3.962100,0.142668,-0.136287
3.963100,0.142532,-0.136226
3.964100,0.142396,-0.136165
3.965100,0.142260,-0.136104
3.966100,0.142124,-0.136043
3.967100,0.141988,-0.135982
3.968100,0.141852,-0.135921
3.969100,0.141716,-0.135861
3.970100,0.141580,-0.135800
3.971100,0.141444,-0.135739
3.972100,0.141309,-0.135678
3.973100,0.141173,-0.135617
3.974100,0.141037,-0.135556
3.975100,0.140902,-0.135496
3.976100,0.140766,-0.135435
3.977100,0.140631,-0.135374
3.978100,0.140496,-0.135314
3.979100,0.140360,-0.135253
3.980100,0.140225,-0.135193
3.981100,0.140090,-0.135132
3.982100,0.139955,-0.135072
3.983100,0.139820,-0.135011
3.984100,0.139685,-0.134951
3.985100,0.139550,-0.134890
3.986100,0.139415,-0.134830
3.987100,0.139280,-0.134769
3.988100,0.139145,-0.134709
3.989100,0.139011,-0.134649
3.990100,0.138876,-0.134589
3.991100,0.138742,-0.134528
3.992100,0.138607,-0.134468
3.993100,0.138473,-0.134408
3.994100,0.138338,-0.134348
3.995100,0.138204,-0.134288
3.996100,0.138070,-0.134228
3.997100,0.137936,-0.134167
3.998100,0.137801,-0.134107
3.999100,0.137667,-0.134047
4.000100,0.137533,-0.133987
4.001100,0.137399,-0.133928
4.002100,0.137265,-0.133868
4.003100,0.137132,-0.133808
4.004100,0.136998,-0.133748
4.005100,0.136864,-0.133688
4.006100,0.136730,-0.133628
4.007100,0.136597,-0.133568
4.008100,0.136463,-0.133509
4.009100,0.136330,-0.133449
4.010100,0.136196,-0.133389
4.011100,0.136063,-0.133330
4.012100,0.135930,-0.133270
4.013100,0.135797,-0.133210
4.014100,0.135663,-0.133151
4.015100,0.135530,-0.133091
4.016100,0.135397,-0.133032
4.017100,0.135264,-0.132972
4.018100,0.135131,-0.132913
4.019100,0.134998,-0.132854
4.020100,0.134866,-0.132794
4.021100,0.134733,-0.132735
4.022100,0.134600,-0.132675
4.023100,0.134467,-0.132616
4.024100,0.134335,-0.132557
4.025100,0.134202,-0.132498
4.026100,0.134070,-0.132438
4.027100,0.133937,-0.132379
4.028100,0.133805,-0.132320
4.029100,0.133673,-0.132261
4.030100,0.133541,-0.132202
4.031100,0.133408,-0.132143
4.032100,0.133276,-0.132084
4.033100,0.133144,-0.132025
4.034100,0.133012,-0.131966
4.035100,0.132880,-0.131907
4.036100,0.132748,-0.131848
4.037100,0.132617,-0.131789
4.038100,0.132485,-0.131730
4.039100,0.132353,-0.131671
4.040100,0.132221,-0.131613
4.041100,0.132090,-0.131554
4.042100,0.131958,-0.131495
4.043100,0.131827,-0.131436
4.044100,0.131695,-0.131378
4.045100,0.131564,-0.131319
4.046100,0.131433,-0.131261
4.047100,0.131302,-0.131202
4.048100,0.131170,-0.131143
4.049100,0.131039,-0.131085
4.050100,0.130908,-0.131026
4.051100,0.130777,-0.130968
4.052100,0.130646,-0.130909
4.053100,0.130515,-0.130851
4.054100,0.130385,-0.130793
4.055100,0.130254,-0.130734
4.056100,0.130123,-0.130676
4.057100,0.129993,-0.130618
4.058100,0.129862,-0.130559
4.059100,0.129731,-0.130501
4.060100,0.129601,-0.130443
4.061100,0.129471,-0.130385
4.062100,0.129340,-0.130327
4.063100,0.129210,-0.130269
4.064100,0.129080,-0.130210
4.065100,0.128949,-0.130152
4.066100,0.128819,-0.130094
4.067100,0.128689,-0.130036
4.068100,0.128559,-0.129978
4.069100,0.128429,-0.129920
4.070100,0.128299,-0.129862
4.071100,0.128170,-0.129805
4.072100,0.128040,-0.129747
4.073100,0.127910,-0.129689
4.074100,0.127780,-0.129631
4.075100,0.127651,-0.129573
4.076100,0.127521,-0.129516
4.077100,0.127392,-0.129458
4.078100,0.127262,-0.129400
4.079100,0.127133,-0.129343
4.080100,0.127004,-0.129285
4.081100,0.126874,-0.129227
4.082100,0.126745,-0.129170
4.083100,0.126616,-0.129112
4.084100,0.126487,-0.129055
4.085100,0.126358,-0.128997
4.086100,0.126229,-0.128940
4.087100,0.126100,-0.128882
4.088100,0.125971,-0.128825
4.089100,0.125842,-0.128768
4.090100,0.125714,-0.128710
4.091100,0.125585,-0.128653
4.092100,0.125456,-0.128596
4.093100,0.125328,-0.128538
4.094100,0.125199,-0.128481
4.095100,0.125071,-0.128424
4.096100,0.124942,-0.128367
4.097100,0.124814,-0.128310
4.098100,0.124686,-0.128253
4.099100,0.124558,-0.128196
4.100100,0.124429,-0.128139
4.101100,0.124301,-0.128082
4.102100,0.124173,-0.128025
4.103100,0.124045,-0.127968
4.104100,0.123917,-0.127911
4.105100,0.123789,-0.127854
4.106100,0.123662,-0.127797
4.107100,0.123534,-0.127740
4.108100,0.123406,-0.127683
4.109100,0.123279,-0.127626
4.110100,0.123151,-0.127570
4.111100,0.123023,-0.127513
4.112100,0.122896,-0.127456
4.113100,0.122768,-0.127400
4.114100,0.122641,-0.127343
4.115100,0.122514,-0.127286
4.116100,0.122387,-0.127230
4.117100,0.122259,-0.127173
4.118100,0.122132,-0.127117
4.119100,0.122005,-0.127060
4.120100,0.121878,-0.127004
4.121100,0.121751,-0.126947
4.122100,0.121624,-0.126891
4.123100,0.121497,-0.126835
4.124100,0.121370,-0.126778
4.125100,0.121244,-0.126722
4.126100,0.121117,-0.126666
4.127100,0.120990,-0.126609
4.128100,0.120864,-0.126553
4.129100,0.120737,-0.126497
4.130100,0.120611,-0.126441
4.131100,0.120484,-0.126385
4.132100,0.120358,-0.126328
4.133100,0.120232,-0.126272
4.134100,0.120106,-0.126216
4.135100,0.119979,-0.126160
4.136100,0.119853,-0.126104
4.137100,0.119727,-0.126048
4.138100,0.119601,-0.125992
4.139100,0.119475,-0.125936
4.140100,0.119349,-0.125881
4.141100,0.119223,-0.125825
4.142100,0.119098,-0.125769
4.143100,0.118972,-0.125713
4.144100,0.118846,-0.125657
4.145100,0.118721,-0.125602
4.146100,0.118595,-0.125546
4.147100,0.118469,-0.125490
4.148100,0.118344,-0.125434
4.149100,0.118219,-0.125379
4.150100,0.118093,-0.125323
4.151100,0.117968,-0.125268
4.152100,0.117843,-0.125212
4.153100,0.117717,-0.125157
4.154100,0.117592,-0.125101
4.155100,0.117467,-0.125046
4.156100,0.117342,-0.124990
4.157100,0.117217,-0.124935
4.158100,0.117092,-0.124879
4.159100,0.116968,-0.124824
4.160100,0.116843,-0.124769
4.161100,0.116718,-0.124713
4.162100,0.116593,-0.124658
4.163100,0.116469,-0.124603
4.164100,0.116344,-0.124548
4.165100,0.116220,-0.124493
4.166100,0.116095,-0.124437
4.167100,0.115971,-0.124382
4.168100,0.115846,-0.124327
4.169100,0.115722,-0.124272
4.170100,0.115598,-0.124217
4.171100,0.115474,-0.124162
4.172100,0.115349,-0.124107
4.173100,0.115225,-0.124052
4.174100,0.115101,-0.123997
4.175100,0.114977,-0.123942
4.176100,0.114854,-0.123888
4.177100,0.114730,-0.123833
4.178100,0.114606,-0.123778
4.179100,0.114482,-0.123723
4.180100,0.114358,-0.123668
4.181100,0.114235,-0.123614
4.182100,0.114111,-0.123559
4.183100,0.113988,-0.123504
4.184100,0.113864,-0.123450
4.185100,0.113741,-0.123395
4.186100,0.113617,-0.123341
4.187100,0.113494,-0.123286
4.188100,0.113371,-0.123231
4.189100,0.113248,-0.123177
4.190100,0.113124,-0.123122
4.191100,0.113001,-0.123068
4.192100,0.112878,-0.123014
4.193100,0.112755,-0.122959
4.194100,0.112632,-0.122905
4.195100,0.112510,-0.122851
4.196100,0.112387,-0.122796
4.197100,0.112264,-0.122742
4.198100,0.112141,-0.122688
4.199100,0.112019,-0.122634
4.200100,0.111896,-0.122579
4.201100,0.111773,-0.122525
4.202100,0.111651,-0.122471
4.203100,0.111528,-0.122417
4.204100,0.111406,-0.122363
4.205100,0.111284,-0.122309
4.206100,0.111161,-0.122255
4.207100,0.111039,-0.122201
4.208100,0.110917,-0.122147
4.209100,0.110795,-0.122093
4.210100,0.110673,-0.122039
4.211100,0.110551,-0.121985
4.212100,0.110429,-0.121931
4.213100,0.110307,-0.121878
4.214100,0.110185,-0.121824
4.215100,0.110063,-0.121770
4.216100,0.109942,-0.121716
4.217100,0.109820,-0.121663
4.218100,0.109698,-0.121609
4.219100,0.109577,-0.121555
4.220100,0.109455,-0.121502
4.221100,0.109334,-0.121448
4.222100,0.109212,-0.121395
4.223100,0.109091,-0.121341
4.224100,0.108970,-0.121287
4.225100,0.108848,-0.121234
4.226100,0.108727,-0.121181
4.227100,0.108606,-0.121127
4.228100,0.108485,-0.121074
4.229100,0.108364,-0.121020
4.230100,0.108243,-0.120967
4.231100,0.108122,-0.120914
4.232100,0.108001,-0.120860
4.233100,0.107880,-0.120807
4.234100,0.107759,-0.120754
4.235100,0.107639,-0.120701
4.236100,0.107518,-0.120648
4.237100,0.107397,-0.120594
4.238100,0.107277,-0.120541
4.239100,0.107156,-0.120488
4.240100,0.107036,-0.120435
4.241100,0.106915,-0.120382
4.242100,0.106795,-0.120329
4.243100,0.106675,-0.120276
4.244100,0.106554,-0.120223
4.245100,0.106434,-0.120170
4.246100,0.106314,-0.120117
4.247100,0.106194,-0.120065
4.248100,0.106074,-0.120012
4.249100,0.105954,-0.119959
4.250100,0.105834,-0.119906
4.251100,0.105714,-0.119853
4.252100,0.105594,-0.119801
4.253100,0.105475,-0.119748
4.254100,0.105355,-0.119695
4.255100,0.105235,-0.119643
4.256100,0.105116,-0.119590
4.257100,0.104996,-0.119537
4.258100,0.104877,-0.119485
4.259100,0.104757,-0.119432
4.260100,0.104638,-0.119380
4.261100,0.104518,-0.119327
4.262100,0.104399,-0.119275
4.263100,0.104280,-0.119222
4.264100,0.104161,-0.119170
4.265100,0.104041,-0.119118
4.266100,0.103922,-0.119065
4.267100,0.103803,-0.119013
4.268100,0.103684,-0.118961
4.269100,0.103565,-0.118909
4.270100,0.103446,-0.118856
4.271100,0.103328,-0.118804
4.272100,0.103209,-0.118752
4.273100,0.103090,-0.118700
4.274100,0.102971,-0.118648
4.275100,0.102853,-0.118596
4.276100,0.102734,-0.118544
4.277100,0.102616,-0.118491
4.278100,0.102497,-0.118439
4.279100,0.102379,-0.118387
4.280100,0.102261,-0.118336
4.281100,0.102142,-0.118284
4.282100,0.102024,-0.118232
4.283100,0.101906,-0.118180
4.284100,0.101788,-0.118128
4.285100,0.101670,-0.118076
4.286100,0.101551,-0.118024
4.287100,0.101433,-0.117973
4.288100,0.101316,-0.117921
4.289100,0.101198,-0.117869
4.290100,0.101080,-0.117818
4.291100,0.100962,-0.117766
4.292100,0.100844,-0.117714
4.293100,0.100727,-0.117663
4.294100,0.100609,-0.117611
4.295100,0.100491,-0.117560
4.296100,0.100374,-0.117508
4.297100,0.100256,-0.117457
4.298100,0.100139,-0.117405
4.299100,0.100021,-0.117354
4.300100,0.099904,-0.117302
4.301100,0.099787,-0.117251
4.302100,0.099670,-0.117200
4.303100,0.099552,-0.117148
4.304100,0.099435,-0.117097
4.305100,0.099318,-0.117046
4.306100,0.099201,-0.116994
4.307100,0.099084,-0.116943
4.308100,0.098967,-0.116892
4.309100,0.098851,-0.116841
4.310100,0.098734,-0.116790
4.311100,0.098617,-0.116739
4.312100,0.098500,-0.116688
4.313100,0.098384,-0.116636
4.314100,0.098267,-0.116585
4.315100,0.098150,-0.116534
4.316100,0.098034,-0.116483
4.317100,0.097917,-0.116433
4.318100,0.097801,-0.116382
4.319100,0.097685,-0.116331
4.320100,0.097568,-0.116280
4.321100,0.097452,-0.116229
4.322100,0.097336,-0.116178
4.323100,0.097220,-0.116127
4.324100,0.097104,-0.116077
4.325100,0.096988,-0.116026
4.326100,0.096872,-0.115975
4.327100,0.096756,-0.115925
4.328100,0.096640,-0.115874
4.329100,0.096524,-0.115823
4.330100,0.096408,-0.115773
4.331100,0.096292,-0.115722
4.332100,0.096177,-0.115672
4.333100,0.096061,-0.115621
4.334100,0.095945,-0.115571
4.335100,0.095830,-0.115520
4.336100,0.095714,-0.115470
4.337100,0.095599,-0.115419
4.338100,0.095484,-0.115369
4.339100,0.095368,-0.115319
4.340100,0.095253,-0.115268
4.341100,0.095138,-0.115218
4.342100,0.095022,-0.115168
4.343100,0.094907,-0.115118
4.344100,0.094792,-0.115067
4.345100,0.094677,-0.115017
4.346100,0.094562,-0.114967
4.347100,0.094447,-0.114917
4.348100,0.094332,-0.114867
4.349100,0.094218,-0.114817
4.350100,0.094103,-0.114767
4.351100,0.093988,-0.114717
4.352100,0.093873,-0.114667
4.353100,0.093759,-0.114617
4.354100,0.093644,-0.114567
4.355100,0.093530,-0.114517
4.356100,0.093415,-0.114467
4.357100,0.093301,-0.114417
4.358100,0.093186,-0.114367
4.359100,0.093072,-0.114317
4.360100,0.092958,-0.114268
4.361100,0.092843,-0.114218
4.362100,0.092729,-0.114168
4.363100,0.092615,-0.114118
4.364100,0.092501,-0.114069
4.365100,0.092387,-0.114019
4.366100,0.092273,-0.113970
4.367100,0.092159,-0.113920
4.368100,0.092045,-0.113870
4.369100,0.091931,-0.113821
4.370100,0.091817,-0.113771
4.371100,0.091704,-0.113722
4.372100,0.091590,-0.113672
4.373100,0.091476,-0.113623
4.374100,0.091363,-0.113574
4.375100,0.091249,-0.113524
4.376100,0.091136,-0.113475
4.377100,0.091022,-0.113425
4.378100,0.090909,-0.113376
4.379100,0.090795,-0.113327
4.380100,0.090682,-0.113278
4.381100,0.090569,-0.113228
4.382100,0.090456,-0.113179
4.383100,0.090343,-0.113130
4.384100,0.090229,-0.113081
4.385100,0.090116,-0.113032
4.386100,0.090003,-0.112983
4.387100,0.089890,-0.112934
4.388100,0.089777,-0.112885
4.389100,0.089665,-0.112836
4.390100,0.089552,-0.112787
4.391100,0.089439,-0.112738
4.392100,0.089326,-0.112689
4.393100,0.089214,-0.112640
4.394100,0.089101,-0.112591
4.395100,0.088988,-0.112542
4.396100,0.088876,-0.112493
4.397100,0.088763,-0.112444
4.398100,0.088651,-0.112396
4.399100,0.088539,-0.112347
4.400100,0.088426,-0.112298
4.401100,0.088314,-0.112249
4.402100,0.088202,-0.112201
4.403100,0.088090,-0.112152
4.404100,0.087978,-0.112104
4.405100,0.087866,-0.112055
4.406100,0.087753,-0.112006
4.407100,0.087641,-0.111958
4.408100,0.087530,-0.111909
4.409100,0.087418,-0.111861
4.410100,0.087306,-0.111812
4.411100,0.087194,-0.111764
4.412100,0.087082,-0.111716
4.413100,0.086971,-0.111667
4.414100,0.086859,-0.111619
4.415100,0.086747,-0.111571
4.416100,0.086636,-0.111522
4.417100,0.086524,-0.111474
4.418100,0.086413,-0.111426
4.419100,0.086301,-0.111378
4.420100,0.086190,-0.111329
4.421100,0.086079,-0.111281
4.422100,0.085968,-0.111233
4.423100,0.085856,-0.111185
4.424100,0.085745,-0.111137
4.425100,0.085634,-0.111089
4.426100,0.085523,-0.111041
4.427100,0.085412,-0.110993
4.428100,0.085301,-0.110945
4.429100,0.085190,-0.110897
4.430100,0.085079,-0.110849
4.431100,0.084968,-0.110801
4.432100,0.084858,-0.110753
4.433100,0.084747,-0.110705
4.434100,0.084636,-0.110657
4.435100,0.084526,-0.110610
4.436100,0.084415,-0.110562
4.437100,0.084304,-0.110514
4.438100,0.084194,-0.110466
4.439100,0.084084,-0.110419
4.440100,0.083973,-0.110371
4.441100,0.083863,-0.110323
4.442100,0.083752,-0.110276
4.443100,0.083642,-0.110228
4.444100,0.083532,-0.110180
4.445100,0.083422,-0.110133
4.446100,0.083312,-0.110085
4.447100,0.083202,-0.110038
4.448100,0.083092,-0.109990
4.449100,0.082982,-0.109943
4.450100,0.082872,-0.109896
4.451100,0.082762,-0.109848
4.452100,0.082652,-0.109801
4.453100,0.082542,-0.109753
4.454100,0.082433,-0.109706
4.455100,0.082323,-0.109659
4.456100,0.082213,-0.109612
4.457100,0.082104,-0.109564
4.458100,0.081994,-0.109517
4.459100,0.081885,-0.109470
4.460100,0.081775,-0.109423
4.461100,0.081666,-0.109376
4.462100,0.081556,-0.109329
4.463100,0.081447,-0.109282
4.464100,0.081338,-0.109234
4.465100,0.081229,-0.109187
4.466100,0.081120,-0.109140
4.467100,0.081010,-0.109093
4.468100,0.080901,-0.109047
4.469100,0.080792,-0.109000
4.470100,0.080683,-0.108953
4.471100,0.080574,-0.108906
4.472100,0.080466,-0.108859
4.473100,0.080357,-0.108812
4.474100,0.080248,-0.108765
4.475100,0.080139,-0.108719
4.476100,0.080030,-0.108672
4.477100,0.079922,-0.108625
4.478100,0.079813,-0.108578
4.479100,0.079705,-0.108532
4.480100,0.079596,-0.108485
4.481100,0.079488,-0.108438
4.482100,0.079379,-0.108392
4.483100,0.079271,-0.108345
4.484100,0.079163,-0.108299
4.485100,0.079054,-0.108252
4.486100,0.078946,-0.108206
4.487100,0.078838,-0.108159
4.488100,0.078730,-0.108113
4.489100,0.078622,-0.108066
4.490100,0.078514,-0.108020
4.491100,0.078406,-0.107974
4.492100,0.078298,-0.107927
4.493100,0.078190,-0.107881
4.494100,0.078082,-0.107835
4.495100,0.077974,-0.107788
4.496100,0.077866,-0.107742
4.497100,0.077759,-0.107696
4.498100,0.077651,-0.107650
4.499100,0.077543,-0.107604
4.500100,0.077436,-0.107558
4.501100,0.077328,-0.107511
4.502100,0.077221,-0.107465
4.503100,0.077113,-0.107419
4.504100,0.077006,-0.107373
4.505100,0.076899,-0.107327
4.506100,0.076791,-0.107281
4.507100,0.076684,-0.107235
4.508100,0.076577,-0.107189
4.509100,0.076470,-0.107143
4.510100,0.076362,-0.107098
4.511100,0.076255,-0.107052
4.512100,0.076148,-0.107006
4.513100,0.076041,-0.106960
4.514100,0.075934,-0.106914
4.515100,0.075828,-0.106869
4.516100,0.075721,-0.106823
4.517100,0.075614,-0.106777
4.518100,0.075507,-0.106731
4.519100,0.075400,-0.106686
4.520100,0.075294,-0.106640
4.521100,0.075187,-0.106595
4.522100,0.075081,-0.106549
4.523100,0.074974,-0.106503
4.524100,0.074868,-0.106458
4.525100,0.074761,-0.106412
4.526100,0.074655,-0.106367
4.527100,0.074548,-0.106321
4.528100,0.074442,-0.106276
4.529100,0.074336,-0.106231
4.530100,0.074230,-0.106185
4.531100,0.074124,-0.106140
4.532100,0.074017,-0.106095
4.533100,0.073911,-0.106049
4.534100,0.073805,-0.106004
4.535100,0.073699,-0.105959
4.536100,0.073593,-0.105913
4.537100,0.073487,-0.105868
4.538100,0.073382,-0.105823
4.539100,0.073276,-0.105778
4.540100,0.073170,-0.105733
4.541100,0.073064,-0.105688
4.542100,0.072959,-0.105643
4.543100,0.072853,-0.105598
4.544100,0.072748,-0.105553
4.545100,0.072642,-0.105507
4.546100,0.072536,-0.105463
4.547100,0.072431,-0.105418
4.548100,0.072326,-0.105373
4.549100,0.072220,-0.105328
4.550100,0.072115,-0.105283
4.551100,0.072010,-0.105238
4.552100,0.071905,-0.105193
4.553100,0.071799,-0.105148
4.554100,0.071694,-0.105104
4.555100,0.071589,-0.105059
4.556100,0.071484,-0.105014
4.557100,0.071379,-0.104969
4.558100,0.071274,-0.104925
4.559100,0.071169,-0.104880
4.560100,0.071064,-0.104835
4.561100,0.070960,-0.104791
4.562100,0.070855,-0.104746
4.563100,0.070750,-0.104702
4.564100,0.070645,-0.104657
4.565100,0.070541,-0.104613
4.566100,0.070436,-0.104568
4.567100,0.070332,-0.104524
4.568100,0.070227,-0.104479
4.569100,0.070123,-0.104435
4.570100,0.070018,-0.104390
4.571100,0.069914,-0.104346
4.572100,0.069810,-0.104302
4.573100,0.069705,-0.104257
4.574100,0.069601,-0.104213
4.575100,0.069497,-0.104169
4.576100,0.069393,-0.104125
4.577100,0.069289,-0.104080
4.578100,0.069185,-0.104036
4.579100,0.069081,-0.103992
4.580100,0.068977,-0.103948
4.581100,0.068873,-0.103904
4.582100,0.068769,-0.103860
4.583100,0.068665,-0.103816
4.584100,0.068561,-0.103771
4.585100,0.068457,-0.103727
4.586100,0.068354,-0.103683
4.587100,0.068250,-0.103640
4.588100,0.068146,-0.103596
4.589100,0.068043,-0.103552
4.590100,0.067939,-0.103508
4.591100,0.067836,-0.103464
4.592100,0.067732,-0.103420
4.593100,0.067629,-0.103376
4.594100,0.067526,-0.103332
4.595100,0.067422,-0.103289
4.596100,0.067319,-0.103245
4.597100,0.067216,-0.103201
4.598100,0.067113,-0.103157
4.599100,0.067010,-0.103114
4.600100,0.066906,-0.103070
4.601100,0.066803,-0.103026
4.602100,0.066700,-0.102983
4.603100,0.066597,-0.102939
4.604100,0.066495,-0.102896
4.605100,0.066392,-0.102852
4.606100,0.066289,-0.102809
4.607100,0.066186,-0.102765
4.608100,0.066083,-0.102722
4.609100,0.065981,-0.102678
4.610100,0.065878,-0.102635
4.611100,0.065775,-0.102591
4.612100,0.065673,-0.102548
4.613100,0.065570,-0.102505
4.614100,0.065468,-0.102461
4.615100,0.065365,-0.102418
4.616100,0.065263,-0.102375
4.617100,0.065161,-0.102332
4.618100,0.065058,-0.102288
4.619100,0.064956,-0.102245
4.620100,0.064854,-0.102202
4.621100,0.064752,-0.102159
4.622100,0.064649,-0.102116
4.623100,0.064547,-0.102073
4.624100,0.064445,-0.102030
4.625100,0.064343,-0.101987
4.626100,0.064241,-0.101943
4.627100,0.064139,-0.101900
4.628100,0.064037,-0.101857
4.629100,0.063936,-0.101815
4.630100,0.063834,-0.101772
4.631100,0.063732,-0.101729
4.632100,0.063630,-0.101686
4.633100,0.063529,-0.101643
4.634100,0.063427,-0.101600
4.635100,0.063326,-0.101557
4.636100,0.063224,-0.101515
4.637100,0.063123,-0.101472
4.638100,0.063021,-0.101429
4.639100,0.062920,-0.101386
4.640100,0.062818,-0.101344
4.641100,0.062717,-0.101301
4.642100,0.062616,-0.101258
4.643100,0.062514,-0.101216
4.644100,0.062413,-0.101173
4.645100,0.062312,-0.101130
4.646100,0.062211,-0.101088
4.647100,0.062110,-0.101045
4.648100,0.062009,-0.101003
4.649100,0.061908,-0.100960
4.650100,0.061807,-0.100918
4.651100,0.061706,-0.100876
4.652100,0.061605,-0.100833
4.653100,0.061504,-0.100791
4.654100,0.061404,-0.100748
4.655100,0.061303,-0.100706
4.656100,0.061202,-0.100664
4.657100,0.061102,-0.100621
4.658100,0.061001,-0.100579
4.659100,0.060900,-0.100537
4.660100,0.060800,-0.100495
4.661100,0.060699,-0.100452
4.662100,0.060599,-0.100410
4.663100,0.060499,-0.100368
4.664100,0.060398,-0.100326
4.665100,0.060298,-0.100284
4.666100,0.060198,-0.100242
4.667100,0.060097,-0.100200
4.668100,0.059997,-0.100158
4.669100,0.059897,-0.100116
4.670100,0.059797,-0.100074
4.671100,0.059697,-0.100032
4.672100,0.059597,-0.099990
4.673100,0.059497,-0.099948
4.674100,0.059397,-0.099906
4.675100,0.059297,-0.099864
4.676100,0.059197,-0.099822
4.677100,0.059098,-0.099781
4.678100,0.058998,-0.099739
4.679100,0.058898,-0.099697
4.680100,0.058798,-0.099655
4.681100,0.058699,-0.099613
4.682100,0.058599,-0.099572
4.683100,0.058500,-0.099530
4.684100,0.058400,-0.099488
4.685100,0.058301,-0.099447
4.686100,0.058201,-0.099405
4.687100,0.058102,-0.099364
4.688100,0.058003,-0.099322
4.689100,0.057903,-0.099280
4.690100,0.057804,-0.099239
4.691100,0.057705,-0.099197
4.692100,0.057606,-0.099156
4.693100,0.057506,-0.099115
4.694100,0.057407,-0.099073
4.695100,0.057308,-0.099032
4.696100,0.057209,-0.098990
4.697100,0.057110,-0.098949
4.698100,0.057011,-0.098908
4.699100,0.056912,-0.098866
4.700100,0.056814,-0.098825
4.701100,0.056715,-0.098784
4.702100,0.056616,-0.098743
4.703100,0.056517,-0.098701
4.704100,0.056419,-0.098660
4.705100,0.056320,-0.098619
4.706100,0.056221,-0.098578
4.707100,0.056123,-0.098537
4.708100,0.056024,-0.098496
4.709100,0.055926,-0.098455
4.710100,0.055827,-0.098413
4.711100,0.055729,-0.098372
4.712100,0.055631,-0.098331
4.713100,0.055532,-0.098290
4.714100,0.055434,-0.098249
4.715100,0.055336,-0.098209
4.716100,0.055238,-0.098168
4.717100,0.055140,-0.098127
4.718100,0.055041,-0.098086
4.719100,0.054943,-0.098045
4.720100,0.054845,-0.098004
4.721100,0.054747,-0.097963
4.722100,0.054649,-0.097923
4.723100,0.054552,-0.097882
4.724100,0.054454,-0.097841
4.725100,0.054356,-0.097800
4.726100,0.054258,-0.097760
4.727100,0.054160,-0.097719
4.728100,0.054063,-0.097678
4.729100,0.053965,-0.097638
4.730100,0.053867,-0.097597
4.731100,0.053770,-0.097557
4.732100,0.053672,-0.097516
4.733100,0.053575,-0.097476
4.734100,0.053477,-0.097435
4.735100,0.053380,-0.097395
4.736100,0.053283,-0.097354
4.737100,0.053185,-0.097314
4.738100,0.053088,-0.097273
4.739100,0.052991,-0.097233
4.740100,0.052893,-0.097193
4.741100,0.052796,-0.097152
4.742100,0.052699,-0.097112
4.743100,0.052602,-0.097072
4.744100,0.052505,-0.097031
4.745100,0.052408,-0.096991
4.746100,0.052311,-0.096951
4.747100,0.052214,-0.096911
4.748100,0.052117,-0.096870
4.749100,0.052020,-0.096830
4.750100,0.051924,-0.096790
4.751100,0.051827,-0.096750
4.752100,0.051730,-0.096710
4.753100,0.051633,-0.096670
4.754100,0.051537,-0.096630
4.755100,0.051440,-0.096590
4.756100,0.051343,-0.096550
4.757100,0.051247,-0.096510
4.758100,0.051150,-0.096470
4.759100,0.051054,-0.096430
4.760100,0.050958,-0.096390
4.761100,0.050861,-0.096350
4.762100,0.050765,-0.096310
4.763100,0.050669,-0.096270
4.764100,0.050572,-0.096230
4.765100,0.050476,-0.096191
4.766100,0.050380,-0.096151
4.767100,0.050284,-0.096111
4.768100,0.050188,-0.096071
4.769100,0.050092,-0.096032
4.770100,0.049996,-0.095992
4.771100,0.049900,-0.095952
4.772100,0.049804,-0.095913
4.773100,0.049708,-0.095873
4.774100,0.049612,-0.095833
4.775100,0.049516,-0.095794
4.776100,0.049420,-0.095754
4.777100,0.049325,-0.095715
4.778100,0.049229,-0.095675
4.779100,0.049133,-0.095636
4.780100,0.049038,-0.095596
4.781100,0.048942,-0.095557
4.782100,0.048847,-0.095517
4.783100,0.048751,-0.095478
4.784100,0.048656,-0.095439
4.785100,0.048560,-0.095399
4.786100,0.048465,-0.095360
4.787100,0.048370,-0.095321
4.788100,0.048274,-0.095281
4.789100,0.048179,-0.095242
4.790100,0.048084,-0.095203
4.791100,0.047989,-0.095164
4.792100,0.047893,-0.095124
4.793100,0.047798,-0.095085
4.794100,0.047703,-0.095046
4.795100,0.047608,-0.095007
4.796100,0.047513,-0.094968
4.797100,0.047418,-0.094929
4.798100,0.047323,-0.094890
4.799100,0.047229,-0.094851
4.800100,0.047134,-0.094812
4.801100,0.047039,-0.094773
4.802100,0.046944,-0.094734
4.803100,0.046849,-0.094695
4.804100,0.046755,-0.094656
4.805100,0.046660,-0.094617
4.806100,0.046566,-0.094578
4.807100,0.046471,-0.094539
4.808100,0.046376,-0.094500
4.809100,0.046282,-0.094461
4.810100,0.046188,-0.094423
4.811100,0.046093,-0.094384
4.812100,0.045999,-0.094345
4.813100,0.045904,-0.094306
4.814100,0.045810,-0.094268
4.815100,0.045716,-0.094229
4.816100,0.045622,-0.094190
4.817100,0.045528,-0.094152
4.818100,0.045433,-0.094113
4.819100,0.045339,-0.094074
4.820100,0.045245,-0.094036
4.821100,0.045151,-0.093997
4.822100,0.045057,-0.093959
4.823100,0.044963,-0.093920
4.824100,0.044869,-0.093882
4.825100,0.044776,-0.093843
4.826100,0.044682,-0.093805
4.827100,0.044588,-0.093766
4.828100,0.044494,-0.093728
4.829100,0.044400,-0.093689
4.830100,0.044307,-0.093651
4.831100,0.044213,-0.093613
4.832100,0.044120,-0.093574
4.833100,0.044026,-0.093536
4.834100,0.043933,-0.093498
4.835100,0.043839,-0.093460
4.836100,0.043746,-0.093421
4.837100,0.043652,-0.093383
4.838100,0.043559,-0.093345
4.839100,0.043466,-0.093307
4.840100,0.043372,-0.093269
4.841100,0.043279,-0.093230
4.842100,0.043186,-0.093192
4.843100,0.043093,-0.093154
4.844100,0.042999,-0.093116
4.845100,0.042906,-0.093078
4.846100,0.042813,-0.093040
4.847100,0.042720,-0.093002
4.848100,0.042627,-0.092964
4.849100,0.042534,-0.092926
4.850100,0.042441,-0.092888
4.851100,0.042349,-0.092850
4.852100,0.042256,-0.092812
4.853100,0.042163,-0.092775
4.854100,0.042070,-0.092737
4.855100,0.041977,-0.092699
4.856100,0.041885,-0.092661
4.857100,0.041792,-0.092623
4.858100,0.041700,-0.092586
4.859100,0.041607,-0.092548
4.860100,0.041514,-0.092510
4.861100,0.041422,-0.092472
4.862100,0.041329,-0.092435
4.863100,0.041237,-0.092397
4.864100,0.041145,-0.092359
4.865100,0.041052,-0.092322
4.866100,0.040960,-0.092284
4.867100,0.040868,-0.092247
4.868100,0.040776,-0.092209
4.869100,0.040683,-0.092172
4.870100,0.040591,-0.092134
4.871100,0.040499,-0.092097
4.872100,0.040407,-0.092059
4.873100,0.040315,-0.092022
4.874100,0.040223,-0.091984
4.875100,0.040131,-0.091947
4.876100,0.040039,-0.091909
4.877100,0.039947,-0.091872
4.878100,0.039855,-0.091835
4.879100,0.039764,-0.091797
4.880100,0.039672,-0.091760
4.881100,0.039580,-0.091723
4.882100,0.039488,-0.091686
4.883100,0.039397,-0.091648
4.884100,0.039305,-0.091611
4.885100,0.039213,-0.091574
4.886100,0.039122,-0.091537
4.887100,0.039030,-0.091500
4.888100,0.038939,-0.091463
4.889100,0.038847,-0.091425
4.890100,0.038756,-0.091388
4.891100,0.038665,-0.091351
4.892100,0.038573,-0.091314
4.893100,0.038482,-0.091277
4.894100,0.038391,-0.091240
4.895100,0.038300,-0.091203
4.896100,0.038208,-0.091166
4.897100,0.038117,-0.091129
4.898100,0.038026,-0.091092
4.899100,0.037935,-0.091056
4.900100,0.037844,-0.091019
4.901100,0.037753,-0.090982
4.902100,0.037662,-0.090945
4.903100,0.037571,-0.090908
4.904100,0.037480,-0.090871
4.905100,0.037389,-0.090835
4.906100,0.037299,-0.090798
4.907100,0.037208,-0.090761
4.908100,0.037117,-0.090724
4.909100,0.037026,-0.090688
4.910100,0.036936,-0.090651
4.911100,0.036845,-0.090614
4.912100,0.036754,-0.090578
4.913100,0.036664,-0.090541
4.914100,0.036573,-0.090505
4.915100,0.036483,-0.090468
4.916100,0.036392,-0.090432
4.917100,0.036302,-0.090395
4.918100,0.036212,-0.090359
4.919100,0.036121,-0.090322
4.920100,0.036031,-0.090286
4.921100,0.035941,-0.090249
4.922100,0.035850,-0.090213
4.923100,0.035760,-0.090176
4.924100,0.035670,-0.090140
4.925100,0.035580,-0.090104
4.926100,0.035490,-0.090067
4.927100,0.035400,-0.090031
4.928100,0.035310,-0.089995
4.929100,0.035220,-0.089958
4.930100,0.035130,-0.089922
4.931100,0.035040,-0.089886
4.932100,0.034950,-0.089850
4.933100,0.034860,-0.089814
4.934100,0.034771,-0.089777
4.935100,0.034681,-0.089741
4.936100,0.034591,-0.089705
4.937100,0.034501,-0.089669
4.938100,0.034412,-0.089633
4.939100,0.034322,-0.089597
4.940100,0.034233,-0.089561
4.941100,0.034143,-0.089525
4.942100,0.034053,-0.089489
4.943100,0.033964,-0.089453
4.944100,0.033875,-0.089417
4.945100,0.033785,-0.089381
4.946100,0.033696,-0.089345
4.947100,0.033606,-0.089309
4.948100,0.033517,-0.089273
4.949100,0.033428,-0.089237
4.950100,0.033339,-0.089201
4.951100,0.033250,-0.089166
4.952100,0.033160,-0.089130
4.953100,0.033071,-0.089094
4.954100,0.032982,-0.089058
4.955100,0.032893,-0.089023
4.956100,0.032804,-0.088987
4.957100,0.032715,-0.088951
4.958100,0.032626,-0.088915
4.959100,0.032537,-0.088880
4.960100,0.032448,-0.088844
4.961100,0.032360,-0.088809
4.962100,0.032271,-0.088773
4.963100,0.032182,-0.088737
4.964100,0.032093,-0.088702
4.965100,0.032005,-0.088666
4.966100,0.031916,-0.088631
4.967100,0.031827,-0.088595
4.968100,0.031739,-0.088560
4.969100,0.031650,-0.088524
4.970100,0.031562,-0.088489
4.971100,0.031473,-0.088454
4.972100,0.031385,-0.088418
4.973100,0.031296,-0.088383
4.974100,0.031208,-0.088347
4.975100,0.031120,-0.088312
4.976100,0.031032,-0.088277
4.977100,0.030943,-0.088241
4.978100,0.030855,-0.088206
4.979100,0.030767,-0.088171
4.980100,0.030679,-0.088136
4.981100,0.030591,-0.088100
4.982100,0.030502,-0.088065
4.983100,0.030414,-0.088030
4.984100,0.030326,-0.087995
4.985100,0.030238,-0.087960
4.986100,0.030151,-0.087925
4.987100,0.030063,-0.087890
4.988100,0.029975,-0.087855
4.989100,0.029887,-0.087819
4.990100,0.029799,-0.087784
4.991100,0.029711,-0.087749
4.992100,0.029624,-0.087714
4.993100,0.029536,-0.087679
4.994100,0.029448,-0.087645
4.995100,0.029361,-0.087610
4.996100,0.029273,-0.087575
4.997100,0.029185,-0.087540
4.998100,0.029098,-0.087505
4.999100,0.029010,-0.087470
5.000100,0.028923,-0.087435
5.001100,0.028836,-0.087400
5.002100,0.028748,-0.087366
5.003100,0.028661,-0.087331
5.004100,0.028574,-0.087296
5.005100,0.028486,-0.087261
5.006100,0.028399,-0.087227
5.007100,0.028312,-0.087192
5.008100,0.028225,-0.087157
5.009100,0.028137,-0.087123
5.010100,0.028050,-0.087088
5.011100,0.027963,-0.087053
5.012100,0.027876,-0.087019
5.013100,0.027789,-0.086984
5.014100,0.027702,-0.086950
5.015100,0.027615,-0.086915
5.016100,0.027528,-0.086881
5.017100,0.027442,-0.086846
5.018100,0.027355,-0.086812
5.019100,0.027268,-0.086777
5.020100,0.027181,-0.086743
5.021100,0.027094,-0.086708
5.022100,0.027008,-0.086674
5.023100,0.026921,-0.086639
5.024100,0.026835,-0.086605
5.025100,0.026748,-0.086571
5.026100,0.026661,-0.086536
5.027100,0.026575,-0.086502
5.028100,0.026488,-0.086468
5.029100,0.026402,-0.086434
5.030100,0.026316,-0.086399
5.031100,0.026229,-0.086365
5.032100,0.026143,-0.086331
5.033100,0.026056,-0.086297
5.034100,0.025970,-0.086263
5.035100,0.025884,-0.086228
5.036100,0.025798,-0.086194
5.037100,0.025712,-0.086160
5.038100,0.025625,-0.086126
5.039100,0.025539,-0.086092
5.040100,0.025453,-0.086058
5.041100,0.025367,-0.086024
5.042100,0.025281,-0.085990
5.043100,0.025195,-0.085956
5.044100,0.025109,-0.085922
5.045100,0.025023,-0.085888
5.046100,0.024937,-0.085854
5.047100,0.024852,-0.085820
5.048100,0.024766,-0.085786
5.049100,0.024680,-0.085752
5.050100,0.024594,-0.085719
5.051100,0.024509,-0.085685
5.052100,0.024423,-0.085651
5.053100,0.024337,-0.085617
5.054100,0.024252,-0.085583
5.055100,0.024166,-0.085550
5.056100,0.024081,-0.085516
5.057100,0.023995,-0.085482
5.058100,0.023910,-0.085448
5.059100,0.023824,-0.085415
5.060100,0.023739,-0.085381
5.061100,0.023653,-0.085347
5.062100,0.023568,-0.085314
5.063100,0.023483,-0.085280
5.064100,0.023398,-0.085247
5.065100,0.023312,-0.085213
5.066100,0.023227,-0.085180
5.067100,0.023142,-0.085146
5.068100,0.023057,-0.085112
5.069100,0.022972,-0.085079
5.070100,0.022887,-0.085046
5.071100,0.022802,-0.085012
5.072100,0.022717,-0.084979
5.073100,0.022632,-0.084945
5.074100,0.022547,-0.084912
5.075100,0.022462,-0.084878
5.076100,0.022377,-0.084845
5.077100,0.022292,-0.084812
5.078100,0.022207,-0.084778
5.079100,0.022123,-0.084745
5.080100,0.022038,-0.084712
5.081100,0.021953,-0.084679
5.082100,0.021869,-0.084645
5.083100,0.021784,-0.084612
5.084100,0.021699,-0.084579
5.085100,0.021615,-0.084546
5.086100,0.021530,-0.084513
5.087100,0.021446,-0.084479
5.088100,0.021361,-0.084446
5.089100,0.021277,-0.084413
5.090100,0.021192,-0.084380
5.091100,0.021108,-0.084347
5.092100,0.021024,-0.084314
5.093100,0.020939,-0.084281
5.094100,0.020855,-0.084248
5.095100,0.020771,-0.084215
5.096100,0.020687,-0.084182
5.097100,0.020603,-0.084149
5.098100,0.020518,-0.084116
5.099100,0.020434,-0.084083
5.100100,0.020350,-0.084050
5.101100,0.020266,-0.084017
5.102100,0.020182,-0.083984
5.103100,0.020098,-0.083952
5.104100,0.020014,-0.083919
5.105100,0.019930,-0.083886
5.106100,0.019847,-0.083853
5.107100,0.019763,-0.083820
5.108100,0.019679,-0.083788
5.109100,0.019595,-0.083755
5.110100,0.019511,-0.083722
5.111100,0.019428,-0.083689
5.112100,0.019344,-0.083657
5.113100,0.019260,-0.083624
5.114100,0.019177,-0.083591
5.115100,0.019093,-0.083559
5.116100,0.019010,-0.083526
5.117100,0.018926,-0.083494
5.118100,0.018843,-0.083461
5.119100,0.018759,-0.083429
5.120100,0.018676,-0.083396
5.121100,0.018592,-0.083364
5.122100,0.018509,-0.083331
5.123100,0.018426,-0.083299
5.124100,0.018343,-0.083266
5.125100,0.018259,-0.083234
5.126100,0.018176,-0.083201
5.127100,0.018093,-0.083169
5.128100,0.018010,-0.083136
5.129100,0.017927,-0.083104
5.130100,0.017844,-0.083072
5.131100,0.017760,-0.083039
5.132100,0.017677,-0.083007
5.133100,0.017594,-0.082975
5.134100,0.017512,-0.082943
5.135100,0.017429,-0.082910
5.136100,0.017346,-0.082878
5.137100,0.017263,-0.082846
5.138100,0.017180,-0.082814
5.139100,0.017097,-0.082781
5.140100,0.017014,-0.082749
5.141100,0.016932,-0.082717
5.142100,0.016849,-0.082685
5.143100,0.016766,-0.082653
5.144100,0.016684,-0.082621
5.145100,0.016601,-0.082589
5.146100,0.016519,-0.082557
5.147100,0.016436,-0.082525
5.148100,0.016353,-0.082493
5.149100,0.016271,-0.082461
5.150100,0.016189,-0.082429
5.151100,0.016106,-0.082397
5.152100,0.016024,-0.082365
5.153100,0.015941,-0.082333
5.154100,0.015859,-0.082301
5.155100,0.015777,-0.082269
5.156100,0.015695,-0.082237
5.157100,0.015612,-0.082205
5.158100,0.015530,-0.082173
5.159100,0.015448,-0.082142
5.160100,0.015366,-0.082110
5.161100,0.015284,-0.082078
5.162100,0.015202,-0.082046
5.163100,0.015120,-0.082015
5.164100,0.015038,-0.081983
5.165100,0.014956,-0.081951
5.166100,0.014874,-0.081919
5.167100,0.014792,-0.081888
5.168100,0.014710,-0.081856
5.169100,0.014628,-0.081824
5.170100,0.014546,-0.081793
5.171100,0.014465,-0.081761
5.172100,0.014383,-0.081730
5.173100,0.014301,-0.081698
5.174100,0.014219,-0.081667
5.175100,0.014138,-0.081635
5.176100,0.014056,-0.081604
5.177100,0.013975,-0.081572
5.178100,0.013893,-0.081541
5.179100,0.013811,-0.081509
5.180100,0.013730,-0.081478
5.181100,0.013649,-0.081446
5.182100,0.013567,-0.081415
5.183100,0.013486,-0.081383
5.184100,0.013404,-0.081352
5.185100,0.013323,-0.081321
5.186100,0.013242,-0.081289
5.187100,0.013160,-0.081258
5.188100,0.013079,-0.081227
5.189100,0.012998,-0.081196
5.190100,0.012917,-0.081164
5.191100,0.012836,-0.081133
5.192100,0.012755,-0.081102
5.193100,0.012673,-0.081071
5.194100,0.012592,-0.081039
5.195100,0.012511,-0.081008
5.196100,0.012430,-0.080977
5.197100,0.012349,-0.080946
5.198100,0.012268,-0.080915
5.199100,0.012188,-0.080884
5.200100,0.012107,-0.080853
5.201100,0.012026,-0.080822
5.202100,0.011945,-0.080791
5.203100,0.011864,-0.080759
5.204100,0.011784,-0.080728
5.205100,0.011703,-0.080697
5.206100,0.011622,-0.080667
5.207100,0.011541,-0.080636
5.208100,0.011461,-0.080605
5.209100,0.011380,-0.080574
5.210100,0.011300,-0.080543
5.211100,0.011219,-0.080512
5.212100,0.011139,-0.080481
5.213100,0.011058,-0.080450
5.214100,0.010978,-0.080419
5.215100,0.010897,-0.080389
5.216100,0.010817,-0.080358
5.217100,0.010737,-0.080327
5.218100,0.010656,-0.080296
5.219100,0.010576,-0.080265
5.220100,0.010496,-0.080235
5.221100,0.010416,-0.080204
5.222100,0.010335,-0.080173
5.223100,0.010255,-0.080143
5.224100,0.010175,-0.080112
5.225100,0.010095,-0.080081
5.226100,0.010015,-0.080051
5.227100,0.009935,-0.080020
5.228100,0.009855,-0.079989
5.229100,0.009775,-0.079959
5.230100,0.009695,-0.079928
5.231100,0.009615,-0.079898
5.232100,0.009535,-0.079867
5.233100,0.009455,-0.079837
5.234100,0.009376,-0.079806
5.235100,0.009296,-0.079776
5.236100,0.009216,-0.079745
5.237100,0.009136,-0.079715
5.238100,0.009057,-0.079684
5.239100,0.008977,-0.079654
5.240100,0.008897,-0.079624
5.241100,0.008818,-0.079593
5.242100,0.008738,-0.079563
5.243100,0.008659,-0.079533
5.244100,0.008579,-0.079502
5.245100,0.008500,-0.079472
5.246100,0.008420,-0.079442
5.247100,0.008341,-0.079411
5.248100,0.008261,-0.079381
5.249100,0.008182,-0.079351
5.250100,0.008103,-0.079321
5.251100,0.008023,-0.079291
5.252100,0.007944,-0.079260
5.253100,0.007865,-0.079230
5.254100,0.007786,-0.079200
5.255100,0.007706,-0.079170
5.256100,0.007627,-0.079140
5.257100,0.007548,-0.079110
5.258100,0.007469,-0.079080
5.259100,0.007390,-0.079050
5.260100,0.007311,-0.079020
5.261100,0.007232,-0.078990
5.262100,0.007153,-0.078960
5.263100,0.007074,-0.078930
5.264100,0.006995,-0.078900
5.265100,0.006916,-0.078870
5.266100,0.006837,-0.078840
5.267100,0.006758,-0.078810
5.268100,0.006680,-0.078780
5.269100,0.006601,-0.078750
5.270100,0.006522,-0.078720
5.271100,0.006443,-0.078690
5.272100,0.006365,-0.078660
5.273100,0.006286,-0.078631
5.274100,0.006208,-0.078601
5.275100,0.006129,-0.078571
5.276100,0.006050,-0.078541
5.277100,0.005972,-0.078511
5.278100,0.005893,-0.078482
5.279100,0.005815,-0.078452
5.280100,0.005736,-0.078422
5.281100,0.005658,-0.078393
5.282100,0.005580,-0.078363
5.283100,0.005501,-0.078333
5.284100,0.005423,-0.078304
5.285100,0.005345,-0.078274
5.286100,0.005266,-0.078244
5.287100,0.005188,-0.078215
5.288100,0.005110,-0.078185
5.289100,0.005032,-0.078156
5.290100,0.004954,-0.078126
5.291100,0.004876,-0.078097
5.292100,0.004798,-0.078067
5.293100,0.004719,-0.078038
5.294100,0.004641,-0.078008
5.295100,0.004563,-0.077979
5.296100,0.004485,-0.077949
5.297100,0.004408,-0.077920
5.298100,0.004330,-0.077890
5.299100,0.004252,-0.077861
5.300100,0.004174,-0.077832
5.301100,0.004096,-0.077802
5.302100,0.004018,-0.077773
5.303100,0.003941,-0.077744
5.304100,0.003863,-0.077714
5.305100,0.003785,-0.077685
5.306100,0.003707,-0.077656
5.307100,0.003630,-0.077627
5.308100,0.003552,-0.077597
5.309100,0.003475,-0.077568
5.310100,0.003397,-0.077539
5.311100,0.003320,-0.077510
5.312100,0.003242,-0.077480
5.313100,0.003165,-0.077451
5.314100,0.003087,-0.077422
5.315100,0.003010,-0.077393
5.316100,0.002932,-0.077364
5.317100,0.002855,-0.077335
5.318100,0.002778,-0.077306
5.319100,0.002700,-0.077277
5.320100,0.002623,-0.077248
5.321100,0.002546,-0.077219
5.322100,0.002469,-0.077190
5.323100,0.002392,-0.077161
5.324100,0.002314,-0.077132
5.325100,0.002237,-0.077103
5.326100,0.002160,-0.077074
5.327100,0.002083,-0.077045
5.328100,0.002006,-0.077016
5.329100,0.001929,-0.076987
5.330100,0.001852,-0.076958
5.331100,0.001775,-0.076929
5.332100,0.001698,-0.076900
5.333100,0.001621,-0.076872
5.334100,0.001544,-0.076843
5.335100,0.001468,-0.076814
5.336100,0.001391,-0.076785
5.337100,0.001314,-0.076756
5.338100,0.001237,-0.076728
5.339100,0.001161,-0.076699
5.340100,0.001084,-0.076670
5.341100,0.001007,-0.076642
5.342100,0.000931,-0.076613
5.343100,0.000854,-0.076584
5.344100,0.000778,-0.076556
5.345100,0.000701,-0.076527
5.346100,0.000624,-0.076498
5.347100,0.000548,-0.076470
5.348100,0.000472,-0.076441
5.349100,0.000395,-0.076413
5.350100,0.000319,-0.076384
5.351100,0.000242,-0.076355
5.352100,0.000166,-0.076327
5.353100,0.000090,-0.076298
5.354100,0.000013,-0.076270
